#Insight Transform File V1.0
#Transform 0
Transform: AffineTransform_float_3_3
Parameters: 1 0.000554717 -0.00086982 -0.000556284 0.999999 -0.00147652 0.00086918 0.00147648 0.999998 0.10092 0.530119 0.272469
FixedParameters: 0 0 0

#Transform 1
Transform: AffineTransform_float_3_3
Parameters: 0.999999 0.000204802 -0.00130303 -0.000205198 1 -0.000151733 0.00130297 0.000152267 0.999999 0.0530189 0.385077 -0.359606
FixedParameters: 0 0 0

#Transform 2
Transform: AffineTransform_float_3_3
Parameters: 0.999999 7.50074e-05 -0.001232 -7.49926e-05 1 6.0924e-06 0.001232 -5.9076e-06 0.999999 -0.000395122 0.10412 -0.410877
FixedParameters: 0 0 0

#Transform 3
Transform: AffineTransform_float_3_3
Parameters: 0.999999 0.000111172 -0.000728973 -0.000111828 1 0.000236082 0.000729026 -0.000235919 0.999999 -0.0670447 0.177128 -0.38766
FixedParameters: 0 0 0

#Transform 4
Transform: AffineTransform_float_3_3
Parameters: 0.999999 2.43933e-05 -0.000726986 -2.36067e-05 1 0.000541017 0.000727012 -0.000540982 0.999999 -0.0791936 0.189987 -0.502911
FixedParameters: 0 0 0

#Transform 5
Transform: AffineTransform_float_3_3
Parameters: 1 9.71007e-05 -0.000247961 -9.68993e-05 1 0.000406024 0.000248039 -0.000405976 1 -0.121597 0.203124 -0.366814
FixedParameters: 0 0 0

#Transform 6
Transform: AffineTransform_float_3_3
Parameters: 1 0.000174635 -0.000658832 -0.000174365 1 0.000963116 0.000659168 -0.000962886 1 -0.0640767 0.086033 -0.623639
FixedParameters: 0 0 0

#Transform 7
Transform: AffineTransform_float_3_3
Parameters: 1 0.000118894 -0.000656019 -0.000118106 1 -0.000160923 0.000655981 0.000161078 1 -0.0717776 0.28512 -0.264366
FixedParameters: 0 0 0

#Transform 8
Transform: AffineTransform_float_3_3
Parameters: 1 -0.000356178 -0.000180651 0.000355822 1 -0.000981064 0.000181349 0.000980935 0.999999 -0.235788 0.108481 0.221733
FixedParameters: 0 0 0

#Transform 9
Transform: AffineTransform_float_3_3
Parameters: 1 0.000221915 -6.03123e-05 -0.000222084 0.999999 -0.00140699 5.96876e-05 0.00140701 0.999999 -0.0267369 0.118748 0.391609
FixedParameters: 0 0 0

#Transform 10
Transform: AffineTransform_float_3_3
Parameters: 0.999999 0.000372997 -0.000857437 -0.000374003 0.999999 -0.00117068 0.000856563 0.00117032 0.999999 0.136189 0.0249735 -0.0640852
FixedParameters: 0 0 0

#Transform 11
Transform: AffineTransform_float_3_3
Parameters: 0.999999 -0.000508363 -0.00118542 0.000506638 0.999999 -0.0011496 0.00118558 0.0011494 0.999998 -0.0659102 -0.210035 0.021575
FixedParameters: 0 0 0

#Transform 12
Transform: AffineTransform_float_3_3
Parameters: 0.999999 0.00020155 -0.00081461 -0.000204448 0.999996 -0.00300884 0.000813388 0.00300917 0.999995 0.188491 0.185662 0.680193
FixedParameters: 0 0 0

#Transform 13
Transform: AffineTransform_float_3_3
Parameters: 0.999999 -0.000506107 0.000847533 0.000506892 1 -0.00105357 -0.000846466 0.00105443 0.999999 -0.278511 -0.465195 0.407487
FixedParameters: 0 0 0

#Transform 14
Transform: AffineTransform_float_3_3
Parameters: 0.999999 -0.000246366 0.000696225 0.000247634 0.999999 -0.000910828 -0.000695775 0.000911172 1 -0.105034 -0.488806 0.464823
FixedParameters: 0 0 0

#Transform 15
Transform: AffineTransform_float_3_3
Parameters: 1 -0.000197992 6.00271e-05 0.000198008 1 -0.000136988 -5.99729e-05 0.000137012 1 -0.030718 -0.295621 0.0668167
FixedParameters: 0 0 0

#Transform 16
Transform: AffineTransform_float_3_3
Parameters: 0.999999 -0.000505733 0.000600069 0.000507266 0.999997 -0.00211169 -0.000598929 0.0021123 0.999997 -0.165594 -0.0869249 1.04162
FixedParameters: 0 0 0

#Transform 17
Transform: AffineTransform_float_3_3
Parameters: 0.999999 -0.000907646 0.00111011 0.000908354 0.999999 -0.00121999 -0.00110889 0.00122101 0.999998 -0.324712 -0.135232 0.70837
FixedParameters: 0 0 0

#Transform 18
Transform: AffineTransform_float_3_3
Parameters: 0.999999 -0.000780595 0.000451701 0.000781405 1 -0.000897647 -0.000451298 0.000898352 0.999999 -0.234265 -0.020638 0.447051
FixedParameters: 0 0 0

#Transform 19
Transform: AffineTransform_float_3_3
Parameters: 1 -0.000100713 0.000527055 0.000101287 1 -0.000544946 -0.000526945 0.000545053 0.999999 -0.056296 -0.0108473 0.377396
FixedParameters: 0 0 0

#Transform 20
Transform: AffineTransform_float_3_3
Parameters: 1 2.50708e-05 0.000129986 -2.49291e-05 1 -0.000545003 -0.000130014 0.000544997 1 0.0136938 0.107953 0.256516
FixedParameters: 0 0 0

#Transform 21
Transform: AffineTransform_float_3_3
Parameters: 1 0.000171027 5.99222e-05 -0.000170973 1 -0.00045501 -6.00778e-05 0.00045499 1 0.0417275 0.14557 0.194198
FixedParameters: 0 0 0

#Transform 22
Transform: AffineTransform_float_3_3
Parameters: 1 0.000171116 0.000124841 -0.000171884 1 -0.000927022 -0.000125159 0.000926979 0.999999 0.0296257 0.203144 0.292614
FixedParameters: 0 0 0

#Transform 23
Transform: AffineTransform_float_3_3
Parameters: 1 0.000171166 0.000624954 -0.000171834 1 -0.000266107 -0.000625045 0.000265893 1 -0.147501 -0.0330377 0.0584918
FixedParameters: 0 0 0

#Transform 24
Transform: AffineTransform_float_3_3
Parameters: 1 0.000171523 0.000386769 -0.000171477 0.999999 -0.00135107 -0.000387232 0.00135093 0.999999 -0.0779306 0.234491 0.393125
FixedParameters: 0 0 0

#Transform 25
Transform: AffineTransform_float_3_3
Parameters: 1 0.000570889 -0.000207306 -0.000571111 0.999999 -0.000535881 0.000207694 0.000536118 1 0.123181 0.325129 -0.184121
FixedParameters: 0 0 0

#Transform 26
Transform: AffineTransform_float_3_3
Parameters: 1 0.000631167 0.000261595 -0.000630832 0.999999 -0.000641165 -0.000262404 0.000640834 1 0.0759986 0.0382132 -0.0044134
FixedParameters: 0 0 0

#Transform 27
Transform: AffineTransform_float_3_3
Parameters: 0.999999 0.000852396 0.000260706 -0.000851602 0.999998 -0.00151822 -0.000262294 0.00151878 0.999999 0.152284 0.3497 0.263903
FixedParameters: 0 0 0

#Transform 28
Transform: AffineTransform_float_3_3
Parameters: 0.999999 0.000171544 0.000767879 -0.000171455 0.999999 -0.000709132 -0.000768122 0.000708869 1 -0.116237 0.0707543 0.0863351
FixedParameters: 0 0 0

#Transform 29
Transform: AffineTransform_float_3_3
Parameters: 1 0.000514904 0.00100854 -0.000514096 1 -0.00089652 -0.00100946 0.000895481 0.999999 -0.0430141 0.341903 0.134619
FixedParameters: 0 0 0

#Transform 30
Transform: AffineTransform_float_3_3
Parameters: 0.999999 0.000544507 0.000643571 -0.000543492 0.999999 -0.000787349 -0.000644428 0.000787649 0.999999 -0.0299432 0.0666307 0.110982
FixedParameters: 0 0 0

#Transform 31
Transform: AffineTransform_float_3_3
Parameters: 0.999999 0.000703145 0.0006698 -0.000701855 0.999999 -0.00170747 -0.000671199 0.00170753 0.999999 0.000490258 0.438516 0.36365
FixedParameters: 0 0 0

#Transform 32
Transform: AffineTransform_float_3_3
Parameters: 1 0.000501606 0.000481369 -0.000500393 0.999999 -0.00125824 -0.00048263 0.00125776 0.999999 -0.0284026 0.176143 0.172363
FixedParameters: 0 0 0

#Transform 33
Transform: AffineTransform_float_3_3
Parameters: 0.999999 0.000591044 0.000480719 -0.000589956 0.999998 -0.00216828 -0.00048228 0.00216772 0.999997 0.0060231 0.384471 0.438098
FixedParameters: 0 0 0

#Transform 34
Transform: AffineTransform_float_3_3
Parameters: 1 0.000443621 0.000481429 -0.000443379 0.999999 -0.00128821 -0.000482572 0.00128879 0.999999 -0.0399481 0.199618 0.157448
FixedParameters: 0 0 0

#Transform 35
Transform: AffineTransform_float_3_3
Parameters: 0.999999 0.000672718 0.000334562 -0.000672284 0.999998 -0.00213923 -0.000335439 0.00213978 0.999997 0.0567159 0.38157 0.378746
FixedParameters: 0 0 0

#Transform 36
Transform: AffineTransform_float_3_3
Parameters: 0.999999 0.000478942 -0.000836181 -0.000481057 0.999997 -0.0024626 0.000834817 0.0024624 0.999996 0.102273 0.45445 0.184744
FixedParameters: 0 0 0

#Transform 37
Transform: AffineTransform_float_3_3
Parameters: 1 0.00102906 -0.000417316 -0.00102994 0.999997 -0.00224857 0.000415685 0.00224943 0.999998 0.254884 0.257984 0.244628
FixedParameters: 0 0 0

#Transform 38
Transform: AffineTransform_float_3_3
Parameters: 1 0.00116656 -0.000110787 -0.00116745 0.999991 -0.00410287 0.000106211 0.00410312 0.999991 0.208195 0.711518 0.759575
FixedParameters: 0 0 0

#Transform 39
Transform: AffineTransform_float_3_3
Parameters: 1 0.00116737 0.000159324 -0.00116763 0.999996 -0.00229319 -0.000161678 0.00229281 0.999998 0.175503 0.371661 0.264993
FixedParameters: 0 0 0

#Transform 40
Transform: AffineTransform_float_3_3
Parameters: 1 0.00116759 0.000178149 -0.00116741 0.999994 -0.00329921 -0.000181852 0.00329879 0.999994 0.173341 0.55553 0.585023
FixedParameters: 0 0 0

#Transform 41
Transform: AffineTransform_float_3_3
Parameters: 1 0.00111761 0.000487316 -0.00111639 0.999994 -0.00329955 -0.000490686 0.00329846 0.999995 0.118568 0.554234 0.652904
FixedParameters: 0 0 0

#Transform 42
Transform: AffineTransform_float_3_3
Parameters: 1 0.00116796 0.000288148 -0.00116704 0.999994 -0.00329934 -0.000291851 0.00329866 0.999994 0.160118 0.599258 0.608096
FixedParameters: 0 0 0

#Transform 43
Transform: AffineTransform_float_3_3
Parameters: 0.999999 0.00116819 0.000384408 -0.00116781 0.999994 -0.00307645 -0.000388595 0.00307655 0.999995 0.122838 0.686999 0.509908
FixedParameters: 0 0 0

#Transform 44
Transform: AffineTransform_float_3_3
Parameters: 0.999999 0.00154757 -0.000133039 -0.00154742 0.999993 -0.0032558 0.000127962 0.0032562 0.999994 0.283468 0.672792 0.447617
FixedParameters: 0 0 0

#Transform 45
Transform: AffineTransform_float_3_3
Parameters: 1 0.00116778 0.000295944 -0.00116722 0.999996 -0.00261835 -0.000299058 0.00261865 0.999997 0.146689 0.505112 0.357383
FixedParameters: 0 0 0

#Transform 46
Transform: AffineTransform_float_3_3
Parameters: 0.999999 0.00125398 -8.14376e-06 -0.00125402 0.999996 -0.00250699 4.85619e-06 0.00250701 0.999997 0.200777 0.381008 0.247254
FixedParameters: 0 0 0

#Transform 47
Transform: AffineTransform_float_3_3
Parameters: 0.999999 0.00116858 0.000436797 -0.00116742 0.999993 -0.00359951 -0.000441206 0.00359949 0.999994 0.130884 0.657234 0.662257
FixedParameters: 0 0 0

#Transform 48
Transform: AffineTransform_float_3_3
Parameters: 0.999999 0.00116872 0.000653941 -0.00116728 0.999996 -0.00261977 -0.00065706 0.00261924 0.999997 0.0731545 0.436257 0.381094
FixedParameters: 0 0 0

#Transform 49
Transform: AffineTransform_float_3_3
Parameters: 0.999999 0.00117001 0.000987439 -0.00116698 0.999994 -0.00304815 -0.000991561 0.00304684 0.999995 0.0331863 0.569237 0.565326
FixedParameters: 0 0 0

#Transform 50
Transform: AffineTransform_float_3_3
Parameters: 0.999999 0.00122869 0.000574391 -0.0012273 0.999995 -0.00293971 -0.000578609 0.00293829 0.999995 0.103429 0.466728 0.460785
FixedParameters: 0 0 0

#Transform 51
Transform: AffineTransform_float_3_3
Parameters: 0.999999 0.0012731 0.000538058 -0.0012709 0.999991 -0.00388569 -0.000542943 0.00388531 0.999993 0.15967 0.735558 0.698497
FixedParameters: 0 0 0

#Transform 52
Transform: AffineTransform_float_3_3
Parameters: 0.999999 0.00116854 0.000541701 -0.00116747 0.999996 -0.00282564 -0.000544301 0.00282537 0.999996 0.112675 0.503186 0.365429
FixedParameters: 0 0 0

#Transform 53
Transform: AffineTransform_float_3_3
Parameters: 1 0.00106446 0.000576308 -0.00106354 0.999996 -0.00253061 -0.000579693 0.00253038 0.999996 0.0725241 0.362074 0.270531
FixedParameters: 0 0 0

#Transform 54
Transform: AffineTransform_float_3_3
Parameters: 1 0.00108635 0.000433641 -0.00108465 0.999994 -0.00309447 -0.000436358 0.00309353 0.999995 0.104156 0.515296 0.432869
FixedParameters: 0 0 0

#Transform 55
Transform: AffineTransform_float_3_3
Parameters: 0.999999 0.00107336 0.000693363 -0.00107164 0.999993 -0.00339274 -0.000696639 0.00339125 0.999994 0.0614524 0.576634 0.563562
FixedParameters: 0 0 0

#Transform 56
Transform: AffineTransform_float_3_3
Parameters: 1 0.000282999 -0.000331856 -0.000284001 0.999996 -0.00301991 0.000331144 0.0030191 0.999996 -0.0857919 0.392757 0.285082
FixedParameters: 0 0 0

#Transform 57
Transform: AffineTransform_float_3_3
Parameters: 1 0.000833436 0.000630795 -0.000830564 0.999992 -0.00385153 -0.000634204 0.00385048 0.999993 -0.0680405 0.446417 0.845659
FixedParameters: 0 0 0

#Transform 58
Transform: AffineTransform_float_3_3
Parameters: 0.999999 0.0007984 0.00104241 -0.000794602 0.999995 -0.00325783 -0.00104459 0.00325717 0.999994 -0.115743 0.6199 0.629867
FixedParameters: 0 0 0

#Transform 59
Transform: AffineTransform_float_3_3
Parameters: 1 0.00105206 0.000603151 -0.00105094 0.999998 -0.00175864 -0.000604848 0.00175737 0.999999 -0.0294994 0.196314 0.182871
FixedParameters: 0 0 0

#Transform 60
Transform: AffineTransform_float_3_3
Parameters: 0.999999 0.00123085 0.000754369 -0.00122815 0.999992 -0.00376693 -0.000758631 0.00376607 0.999992 0.0273313 0.782175 0.816216
FixedParameters: 0 0 0

#Transform 61
Transform: AffineTransform_float_3_3
Parameters: 0.999999 0.00131053 0.000673036 -0.00130847 0.999996 -0.00226388 -0.000675964 0.00226312 0.999997 0.0458971 0.36102 0.324968
FixedParameters: 0 0 0

#Transform 62
Transform: AffineTransform_float_3_3
Parameters: 0.999999 0.00120968 0.000621739 -0.00120832 0.999995 -0.00269775 -0.000624262 0.00269725 0.999996 0.0621435 0.555146 0.402454
FixedParameters: 0 0 0

#Transform 63
Transform: AffineTransform_float_3_3
Parameters: 0.999999 0.0012848 0.000754954 -0.00128221 0.999997 -0.00237297 -0.000758044 0.00237203 0.999997 0.0269471 0.493014 0.333892
FixedParameters: 0 0 0

#Transform 64
Transform: AffineTransform_float_3_3
Parameters: 0.999999 0.00113088 0.000762216 -0.00112912 0.999997 -0.00246386 -0.000765784 0.00246314 0.999996 -0.0380951 0.457971 0.377878
FixedParameters: 0 0 0

#Transform 65
Transform: AffineTransform_float_3_3
Parameters: 0.999999 0.00123352 0.000278709 -0.00123248 0.999998 -0.00185835 -0.00028029 0.00185766 0.999998 0.0376772 0.568191 0.0243449
FixedParameters: 0 0 0

#Transform 66
Transform: AffineTransform_float_3_3
Parameters: 0.999999 0.00112984 0.000623479 -0.00112916 0.999999 -0.00134671 -0.000624521 0.0013463 0.999999 -0.0390917 0.216484 0.0409438
FixedParameters: 0 0 0

#Transform 67
Transform: AffineTransform_float_3_3
Parameters: 0.999999 0.00112064 0.000622048 -0.00111936 0.999996 -0.0026367 -0.000624953 0.0026353 0.999997 -0.0238865 0.626597 0.421016
FixedParameters: 0 0 0

#Transform 68
Transform: AffineTransform_float_3_3
Parameters: 1 0.00103297 0.000595328 -0.00103203 0.999998 -0.00161962 -0.000597672 0.00161938 0.999998 -0.0473917 0.262666 0.0975658
FixedParameters: 0 0 0

#Transform 69
Transform: AffineTransform_float_3_3
Parameters: 0.999999 0.00107337 0.000930274 -0.00107063 0.999996 -0.002543 -0.000933725 0.002542 0.999997 -0.0592216 0.611878 0.408352
FixedParameters: 0 0 0

#Transform 70
Transform: AffineTransform_float_3_3
Parameters: 0.999999 0.000723306 0.00110815 -0.000721695 0.999999 -0.0011778 -0.00110885 0.0011772 0.999998 -0.2057 0.143495 -0.000308754
FixedParameters: 0 0 0

#Transform 71
Transform: AffineTransform_float_3_3
Parameters: 0.999999 0.000752025 0.00110763 -0.000749975 0.999998 -0.00182683 -0.00110937 0.00182617 0.999997 -0.191442 0.344125 0.187354
FixedParameters: 0 0 0

#Transform 72
Transform: AffineTransform_float_3_3
Parameters: 0.999999 0.000780641 0.00103877 -0.000779358 0.999999 -0.00157981 -0.00104023 0.00157819 0.999998 -0.173165 0.339794 0.0966614
FixedParameters: 0 0 0

#Transform 73
Transform: AffineTransform_float_3_3
Parameters: 0.999999 0.000946651 0.00104451 -0.000945349 0.999999 -0.00157999 -0.00104649 0.00157901 0.999998 -0.10068 0.277321 0.0806014
FixedParameters: 0 0 0

#Transform 74
Transform: AffineTransform_float_3_3
Parameters: 0.999999 0.00105474 0.00102421 -0.00105326 0.999998 -0.00169808 -0.00102579 0.00169692 0.999998 -0.0662348 0.385539 0.0733163
FixedParameters: 0 0 0

#Transform 75
Transform: AffineTransform_float_3_3
Parameters: 0.999999 0.000957246 0.000920706 -0.000955755 0.999998 -0.00135288 -0.000921293 0.00135212 0.999998 -0.0871991 0.250639 -0.0655008
FixedParameters: 0 0 0

#Transform 76
Transform: AffineTransform_float_3_3
Parameters: 1 0.000888203 0.000766609 -0.000887799 0.999999 -0.00156768 -0.000767393 0.00156732 0.999999 -0.103103 0.50194 -0.05465
FixedParameters: 0 0 0

#Transform 77
Transform: AffineTransform_float_3_3
Parameters: 0.999999 0.00116202 0.000739971 -0.00116198 1 -2.48599e-05 -0.000740028 2.41401e-05 0.999999 -0.0454582 0.0538199 -0.484441
FixedParameters: 0 0 0

#Transform 78
Transform: AffineTransform_float_3_3
Parameters: 1 0.000969785 0.000728288 -0.000970217 1 0.000296294 -0.000727712 -0.000296706 0.999999 -0.110117 0.0747215 -0.597323
FixedParameters: 0 0 0

#Transform 79
Transform: AffineTransform_float_3_3
Parameters: 0.999999 0.00111821 0.00110879 -0.00111779 1 -0.00018624 -0.00110921 0.00018576 1 -0.0969651 0.228036 -0.431772
FixedParameters: 0 0 0

#Transform 80
Transform: AffineTransform_float_3_3
Parameters: 0.999999 0.000964934 0.000984085 -0.000964066 0.999999 -0.00094895 -0.000984915 0.000948051 0.999999 -0.122562 0.294949 -0.197518
FixedParameters: 0 0 0

#Transform 81
Transform: AffineTransform_float_3_3
Parameters: 0.999999 0.00106838 0.000631362 -0.00106862 1 -0.000597675 -0.000632638 0.000596324 0.999999 -0.0385627 0.399564 -0.442254
FixedParameters: 0 0 0

#Transform 82
Transform: AffineTransform_float_3_3
Parameters: 1 0.000933597 0.000750258 -0.000933404 0.999999 -0.000795701 -0.000750742 0.0007943 1 -0.112426 0.115518 -0.293997
FixedParameters: 0 0 0

#Transform 83
Transform: AffineTransform_float_3_3
Parameters: 0.999999 0.00116901 0.000964777 -0.00116799 0.999999 -0.00104713 -0.000966223 0.00104587 0.999999 -0.0516056 0.453051 -0.222494
FixedParameters: 0 0 0

#Transform 84
Transform: AffineTransform_float_3_3
Parameters: 0.999998 0.00121099 0.00110901 -0.00121101 1 7.65699e-06 -0.00110899 -9.34299e-06 1 -0.0854328 0.0537967 -0.433854
FixedParameters: 0 0 0

#Transform 85
Transform: AffineTransform_float_3_3
Parameters: 0.999999 0.00125104 0.000318832 -0.00125096 0.999999 -0.000134399 -0.000319169 0.000134601 1 0.0553077 0.327417 -0.588238
FixedParameters: 0 0 0

#Transform 86
Transform: AffineTransform_float_3_3
Parameters: 0.999998 0.00159837 0.000511958 -0.00159863 0.999998 0.00122418 -0.000510043 -0.00122482 0.999999 0.0831504 0.0918234 -0.925345
FixedParameters: 0 0 0

#Transform 87
Transform: AffineTransform_float_3_3
Parameters: 0.999998 0.00192002 0.000701678 -0.00192098 0.999997 0.00139365 -0.000698321 -0.00139534 0.999999 0.145272 0.196965 -0.98297
FixedParameters: 0 0 0

#Transform 88
Transform: AffineTransform_float_3_3
Parameters: 0.999996 0.00239852 0.00111219 -0.00239948 0.999996 0.00132934 -0.00110881 -0.00133166 0.999998 0.202491 0.334134 -0.902689
FixedParameters: 0 0 0

#Transform 89
Transform: AffineTransform_float_3_3
Parameters: 0.999997 0.00210808 0.00110885 -0.00210892 0.999998 -7.23387e-05 -0.00110915 6.9662e-05 1 0.12933 0.525838 -0.484766
FixedParameters: 0 0 0

#Transform 90
Transform: AffineTransform_float_3_3
Parameters: 0.999997 0.00200533 0.000938438 -0.00200567 0.999997 0.00071612 -0.000936562 -0.00071788 1 0.117377 0.33459 -0.778474
FixedParameters: 0 0 0

#Transform 91
Transform: AffineTransform_float_3_3
Parameters: 0.999997 0.00200457 0.000939909 -0.00200443 0.999998 0.000453117 -0.000939089 -0.000454883 0.999999 0.131418 0.365497 -0.623579
FixedParameters: 0 0 0

#Transform 92
Transform: AffineTransform_float_3_3
Parameters: 0.999999 0.000795247 -0.000730912 -0.000797753 0.999997 -0.00240142 0.000729086 0.00240158 0.999997 -0.0927056 0.376945 0.280134
FixedParameters: 0 0 0

#Transform 93
Transform: AffineTransform_float_3_3
Parameters: 1 0.00116279 0.00019332 -0.00116121 0.999991 -0.00402623 -0.000198677 0.00402577 0.999992 -0.0797123 0.588212 0.88865
FixedParameters: 0 0 0

#Transform 94
Transform: AffineTransform_float_3_3
Parameters: 0.999999 0.00136254 0.000194248 -0.00136246 0.999996 -0.00275427 -0.000197754 0.00275473 0.999996 0.00118813 0.708809 0.33824
FixedParameters: 0 0 0

#Transform 95
Transform: AffineTransform_float_3_3
Parameters: 0.999999 0.00143939 0.000195173 -0.00143861 0.999997 -0.00196428 -0.000197826 0.00196372 0.999998 0.0344307 0.334394 0.121582
FixedParameters: 0 0 0

#Transform 96
Transform: AffineTransform_float_3_3
Parameters: 0.999999 0.00112087 0.00070202 -0.00111913 0.999996 -0.00266179 -0.000704981 0.00266121 0.999996 -0.100415 0.628598 0.410405
FixedParameters: 0 0 0

#Transform 97
Transform: AffineTransform_float_3_3
Parameters: 0.999998 0.0017311 0.00122585 -0.0017309 0.999998 -8.5122e-05 -0.00122615 8.28776e-05 0.999999 -0.00679404 0.192618 -0.306941
FixedParameters: 0 0 0

#Transform 98
Transform: AffineTransform_float_3_3
Parameters: 0.999999 0.0012201 0.000898511 -0.0012189 0.999998 -0.0012211 -0.000899488 0.0012199 0.999999 -0.094164 0.446533 -0.0431321
FixedParameters: 0 0 0

#Transform 99
Transform: AffineTransform_float_3_3
Parameters: 0.999998 0.0016052 0.00130298 -0.0016058 0.999999 0.000611909 -0.00130202 -0.000614092 0.999999 -0.0591934 0.111271 -0.540468
FixedParameters: 0 0 0

#Transform 100
Transform: AffineTransform_float_3_3
Parameters: 0.999999 0.00149353 0.00101422 -0.00149347 0.999998 -0.000526516 -0.00101479 0.000525485 1 -0.025026 0.497667 -0.287259
FixedParameters: 0 0 0

#Transform 101
Transform: AffineTransform_float_3_3
Parameters: 0.999999 0.00149702 0.000942963 -0.00149698 0.999999 -2.54116e-05 -0.000943036 2.35883e-05 0.999999 -0.0324215 0.23652 -0.425721
FixedParameters: 0 0 0

#Transform 102
Transform: AffineTransform_float_3_3
Parameters: 0.999998 0.00180011 0.00127362 -0.0017969 0.999996 -0.0024353 -0.00127838 0.00243271 0.999996 0.0534533 0.901971 0.388376
FixedParameters: 0 0 0

#Transform 103
Transform: AffineTransform_float_3_3
Parameters: 0.999998 0.00181628 0.000919442 -0.00181572 0.999999 -0.00030767 -0.000920555 0.000305329 0.999999 0.0599063 0.176729 -0.361698
FixedParameters: 0 0 0

#Transform 104
Transform: AffineTransform_float_3_3
Parameters: 0.999998 0.00173341 0.00142429 -0.00173159 0.999998 -0.000989468 -0.00142671 0.000986529 0.999998 -0.0300003 0.273193 -0.0616846
FixedParameters: 0 0 0

#Transform 105
Transform: AffineTransform_float_3_3
Parameters: 0.999997 0.0020915 0.00167388 -0.0020885 0.999996 -0.0014955 -0.00167712 0.0014915 0.999998 0.0631705 0.559782 0.0872442
FixedParameters: 0 0 0

#Transform 106
Transform: AffineTransform_float_3_3
Parameters: 0.999997 0.00185977 0.00148779 -0.00185823 0.999998 -0.00119177 -0.00149021 0.00118923 0.999998 -0.0137346 0.424363 -0.026384
FixedParameters: 0 0 0

#Transform 107
Transform: AffineTransform_float_3_3
Parameters: 0.999997 0.00134217 0.00166444 -0.00133882 0.999998 -0.00190723 -0.00166755 0.00190477 0.999997 -0.143631 0.690035 0.230249
FixedParameters: 0 0 0

#Transform 108
Transform: AffineTransform_float_3_3
Parameters: 0.999997 0.00158023 0.00175489 -0.00157876 0.999998 -0.000704772 -0.00175611 0.000702227 0.999998 -0.112618 0.231435 -0.112959
FixedParameters: 0 0 0

#Transform 109
Transform: AffineTransform_float_3_3
Parameters: 0.999997 0.00180124 0.00163353 -0.00179976 0.999998 -0.00137294 -0.00163547 0.00137006 0.999997 -0.0376095 0.554306 0.0266852
FixedParameters: 0 0 0

#Transform 110
Transform: AffineTransform_float_3_3
Parameters: 0.999997 0.00187202 0.00169277 -0.00186998 0.999997 -0.00119517 -0.00169523 0.00119183 0.999998 -0.0275687 0.441398 -0.0197842
FixedParameters: 0 0 0

#Transform 111
Transform: AffineTransform_float_3_3
Parameters: 0.999996 0.00203082 0.0020352 -0.00202718 0.999996 -0.00187713 -0.0020388 0.00187287 0.999996 -0.019137 0.701009 0.231578
FixedParameters: 0 0 0

#Transform 112
Transform: AffineTransform_float_3_3
Parameters: 0.999995 0.00212246 0.00203748 -0.00212054 0.999998 -0.000717324 -0.00203852 0.000712677 0.999997 0.0118821 0.431342 -0.155158
FixedParameters: 0 0 0

#Transform 113
Transform: AffineTransform_float_3_3
Parameters: 0.999996 0.00191359 0.00178837 -0.00191341 0.999998 -0.000331423 -0.00178863 0.000327579 0.999999 -0.0246723 0.32484 -0.299524
FixedParameters: 0 0 0

#Transform 114
Transform: AffineTransform_float_3_3
Parameters: 0.999997 0.00168476 0.00185931 -0.00168424 0.999999 -0.000409133 -0.00185969 0.000405868 0.999998 -0.110128 0.370977 -0.257651
FixedParameters: 0 0 0

#Transform 115
Transform: AffineTransform_float_3_3
Parameters: 0.999997 0.00164721 0.00133952 -0.00164679 0.999998 -0.000901208 -0.00134148 0.000898792 0.999998 -0.039808 0.465829 -0.133298
FixedParameters: 0 0 0

#Transform 116
Transform: AffineTransform_float_3_3
Parameters: 0.999998 0.00161615 0.00128155 -0.00161485 0.999999 -0.000901071 -0.00128345 0.000898928 0.999999 -0.0359753 0.459821 -0.231936
FixedParameters: 0 0 0

#Transform 117
Transform: AffineTransform_float_3_3
Parameters: 0.999997 0.00169512 0.00142367 -0.00169388 0.999999 -0.000784413 -0.00142533 0.000782586 0.999998 -0.0373083 0.363604 -0.254782
FixedParameters: 0 0 0

#Transform 118
Transform: AffineTransform_float_3_3
Parameters: 0.999997 0.00165385 0.00142401 -0.00165315 0.999999 -0.000598356 -0.00142499 0.000595645 0.999999 -0.0664039 0.360991 -0.314959
FixedParameters: 0 0 0

#Transform 119
Transform: AffineTransform_float_3_3
Parameters: 0.999997 0.00169618 0.00142359 -0.00169482 0.999998 -0.000830415 -0.0014244 0.000827586 0.999998 -0.0322823 0.450453 -0.213153
FixedParameters: 0 0 0

#Transform 120
Transform: AffineTransform_float_3_3
Parameters: 0.999998 0.00139148 0.00142356 -0.00139052 0.999998 -0.00103798 -0.00142444 0.00103602 0.999999 -0.139909 0.426805 -0.127024
FixedParameters: 0 0 0

#Transform 121
Transform: AffineTransform_float_3_3
Parameters: 0.999996 0.00134136 0.00248304 -0.00133363 0.999994 -0.00296532 -0.00248696 0.00296168 0.999993 -0.289915 1.01385 0.539008
FixedParameters: 0 0 0

#Transform 122
Transform: AffineTransform_float_3_3
Parameters: 0.999996 0.00155138 0.00236175 -0.00155062 0.999999 -0.000161663 -0.00236225 0.000158336 0.999997 -0.162022 0.0842414 -0.359875
FixedParameters: 0 0 0

#Transform 123
Transform: AffineTransform_float_3_3
Parameters: 0.999997 0.00156059 0.00217158 -0.00156041 0.999998 -0.00027439 -0.00217243 0.000271611 0.999998 -0.156233 0.144351 -0.274528
FixedParameters: 0 0 0

#Transform 124
Transform: AffineTransform_float_3_3
Parameters: 0.999995 0.00179705 0.00266362 -0.00179495 0.999998 -0.000771785 -0.00266438 0.000766216 0.999996 -0.150755 0.472834 -0.0807894
FixedParameters: 0 0 0

#Transform 125
Transform: AffineTransform_float_3_3
Parameters: 0.999996 0.00152847 0.00208866 -0.00152853 0.999999 -0.000225193 -0.00208834 0.000221809 0.999998 -0.173515 0.215032 -0.343719
FixedParameters: 0 0 0

#Transform 126
Transform: AffineTransform_float_3_3
Parameters: 0.999995 0.00171843 0.00263407 -0.00171757 0.999999 -0.000544527 -0.00263593 0.000540473 0.999997 -0.174262 0.367812 -0.1289
FixedParameters: 0 0 0

#Transform 127
Transform: AffineTransform_float_3_3
Parameters: 0.999996 0.00124506 0.00253648 -0.00124394 0.999999 -0.000419157 -0.00253652 0.000415843 0.999996 -0.312553 0.223986 -0.17875
FixedParameters: 0 0 0

#Transform 128
Transform: AffineTransform_float_3_3
Parameters: 0.999995 0.00132736 0.00268333 -0.00132564 0.999999 -0.00050756 -0.00268467 0.000503439 0.999997 -0.314748 0.285618 -0.11721
FixedParameters: 0 0 0

#Transform 129
Transform: AffineTransform_float_3_3
Parameters: 0.999995 0.00139978 0.00268203 -0.00139622 0.999998 -0.00141075 -0.00268397 0.00140725 0.999996 -0.289806 0.315702 0.154393
FixedParameters: 0 0 0

#Transform 130
Transform: AffineTransform_float_3_3
Parameters: 0.999997 0.000411038 0.00251083 -0.000409961 1 -0.000414031 -0.00251117 0.000412969 0.999997 -0.579483 0.0102064 -0.332513
FixedParameters: 0 0 0

#Transform 131
Transform: AffineTransform_float_3_3
Parameters: 0.999989 0.00110656 0.00467693 -0.00110145 0.999999 -0.000976162 -0.00467708 0.000971835 0.999988 -0.620434 0.0756033 0.339669
FixedParameters: 0 0 0

#Transform 132
Transform: AffineTransform_float_3_3
Parameters: 0.999991 0.000987957 0.00397476 -0.000987041 0.999999 -0.000242925 -0.00397524 0.000239075 0.999992 -0.550428 0.30884 -0.118
FixedParameters: 0 0 0

#Transform 133
Transform: AffineTransform_float_3_3
Parameters: 0.999989 0.00116802 0.00441794 -0.00116398 0.999999 -0.000913152 -0.00441806 0.000907849 0.99999 -0.55887 0.409396 0.139117
FixedParameters: 0 0 0

#Transform 134
Transform: AffineTransform_float_3_3
Parameters: 0.999991 0.00144282 0.00397543 -0.00144418 0.999999 0.000294261 -0.00397457 -0.000299737 0.999992 -0.447209 -0.0576588 -0.214602
FixedParameters: 0 0 0

#Transform 135
Transform: AffineTransform_float_3_3
Parameters: 0.99999 0.00133717 0.0042887 -0.00133283 0.999998 -0.000975726 -0.0042903 0.000970273 0.999991 -0.506948 0.412838 0.242311
FixedParameters: 0 0 0

#Transform 136
Transform: AffineTransform_float_3_3
Parameters: 0.99999 0.00146371 0.00426176 -0.00146229 0.999999 -0.000169234 -0.00426124 0.000162764 0.999991 -0.489424 0.19798 0.00220291
FixedParameters: 0 0 0

#Transform 137
Transform: AffineTransform_float_3_3
Parameters: 0.999988 0.00196147 0.0046011 -0.00195753 0.999997 -0.000975019 -0.0046029 0.000965983 0.999989 -0.376385 0.458928 0.328978
FixedParameters: 0 0 0

#Transform 138
Transform: AffineTransform_float_3_3
Parameters: 0.999988 0.00172739 0.00471176 -0.00172361 0.999999 -0.00072413 -0.00471324 0.000715867 0.999988 -0.450245 0.407135 0.251102
FixedParameters: 0 0 0

#Transform 139
Transform: AffineTransform_float_3_3
Parameters: 0.999989 0.00150343 0.00428685 -0.00150257 0.999999 -0.000103442 -0.00428615 9.7557e-05 0.999991 -0.489997 0.183504 -0.0131057
FixedParameters: 0 0 0

#Transform 140
Transform: AffineTransform_float_3_3
Parameters: 0.999997 0.000417116 0.00222179 -0.000415884 1 -0.000502925 -0.00222121 0.000502075 0.999998 -0.540819 0.104063 -0.181486
FixedParameters: 0 0 0

#Transform 141
Transform: AffineTransform_float_3_3
Parameters: 0.999996 0.00109837 0.00255485 -0.00109063 0.999995 -0.0028828 -0.00255815 0.0028802 0.999992 -0.390678 0.404781 0.841826
FixedParameters: 0 0 0

#Transform 142
Transform: AffineTransform_float_3_3
Parameters: 0.999991 0.000838263 0.00414574 -0.000821734 0.999992 -0.00392344 -0.00414925 0.00391956 0.999983 -0.628102 0.61752 1.17926
FixedParameters: 0 0 0

#Transform 143
Transform: AffineTransform_float_3_3
Parameters: 0.999992 0.00117551 0.00381535 -0.0011575 0.999987 -0.00484845 -0.00382066 0.00484455 0.999981 -0.550679 0.584871 1.07753
FixedParameters: 0 0 0

#Transform 144
Transform: AffineTransform_float_3_3
Parameters: 0.999987 0.000985918 0.00503265 -0.000979081 0.999998 -0.00137695 -0.00503435 0.00137205 0.999987 -0.782438 0.550714 0.164564
FixedParameters: 0 0 0

#Transform 145
Transform: AffineTransform_float_3_3
Parameters: 0.999991 0.0018446 0.00387096 -0.0018344 0.999994 -0.00274012 -0.00387603 0.00273287 0.999989 -0.363764 0.553726 0.652347
FixedParameters: 0 0 0

#Transform 146
Transform: AffineTransform_float_3_3
Parameters: 0.999993 0.00206553 0.00289894 -0.00205747 0.999993 -0.00294198 -0.00290506 0.00293602 0.999992 -0.138182 0.792717 0.316686
FixedParameters: 0 0 0

#Transform 147
Transform: AffineTransform_float_3_3
Parameters: 0.999993 0.00211616 0.00330434 -0.00210084 0.999988 -0.00458498 -0.00331366 0.00457802 0.999984 -0.222198 0.906275 0.98382
FixedParameters: 0 0 0

#Transform 148
Transform: AffineTransform_float_3_3
Parameters: 0.999993 0.00245545 0.00274692 -0.00244355 0.999987 -0.00452774 -0.00275808 0.00452126 0.999986 0.0185481 1.01876 0.667868
FixedParameters: 0 0 0

#Transform 149
Transform: AffineTransform_float_3_3
Parameters: 0.999995 0.00242099 0.00212227 -0.00240801 0.999979 -0.00610115 -0.00213672 0.00609586 0.999979 0.0566932 1.15699 1.26298
FixedParameters: 0 0 0

#Transform 150
Transform: AffineTransform_float_3_3
Parameters: 0.999998 0.00164832 0.000968369 -0.00164468 0.999993 -0.0034206 -0.000973629 0.0034184 0.999993 -0.0713608 1.02784 0.236857
FixedParameters: 0 0 0

#Transform 151
Transform: AffineTransform_float_3_3
Parameters: 0.999995 0.0024327 0.00168755 -0.0024313 0.999997 -0.00101111 -0.00169045 0.00100689 0.999998 0.102858 0.415122 -0.444506
FixedParameters: 0 0 0

#Transform 152
Transform: AffineTransform_float_3_3
Parameters: 0.999995 0.00298383 0.00153953 -0.00298017 0.999994 -0.0018356 -0.00154447 0.0018314 0.999997 0.275484 0.777728 -0.219687
FixedParameters: 0 0 0

#Transform 153
Transform: AffineTransform_float_3_3
Parameters: 0.999997 0.00237671 0.000741731 -0.00237529 0.999996 -0.000955765 -0.000743269 0.000954236 1 0.172918 0.788034 -0.747005
FixedParameters: 0 0 0

#Transform 154
Transform: AffineTransform_float_3_3
Parameters: 0.999997 0.00252879 0.000797513 -0.00252822 0.999997 -0.00098502 -0.000799489 0.000982982 0.999999 0.208412 0.431013 -0.698688
FixedParameters: 0 0 0

#Transform 155
Transform: AffineTransform_float_3_3
Parameters: 0.999994 0.00304901 0.00115771 -0.00304699 0.999994 -0.00173554 -0.00116328 0.00173146 0.999998 0.335916 0.809064 -0.392722
FixedParameters: 0 0 0

#Transform 156
Transform: AffineTransform_float_3_3
Parameters: 0.999994 0.00330138 0.000800322 -0.00329962 0.999993 -0.00172165 -0.000805679 0.00171935 0.999998 0.431874 0.827253 -0.452014
FixedParameters: 0 0 0

#Transform 157
Transform: AffineTransform_float_3_3
Parameters: 0.999994 0.00328781 0.00122816 -0.00328619 0.999994 -0.00147305 -0.00123284 0.00146896 0.999998 0.39549 0.800034 -0.465464
FixedParameters: 0 0 0

#Transform 158
Transform: AffineTransform_float_3_3
Parameters: 0.999995 0.00314584 0.00125037 -0.00314416 0.999994 -0.00147294 -0.00125563 0.00146906 0.999998 0.33626 0.797805 -0.485319
FixedParameters: 0 0 0

#Transform 159
Transform: AffineTransform_float_3_3
Parameters: 0.999994 0.00311363 0.00148961 -0.00311138 0.999995 -0.00109264 -0.00149339 0.00108836 0.999999 0.30958 0.736854 -0.566871
FixedParameters: 0 0 0

#Transform 160
Transform: AffineTransform_float_3_3
Parameters: 0.999995 0.00283383 0.00146146 -0.00283117 0.999995 -0.00125014 -0.00146553 0.00124585 0.999998 0.221673 0.72422 -0.523418
FixedParameters: 0 0 0

#Transform 161
Transform: AffineTransform_float_3_3
Parameters: 0.999996 0.00247044 0.00132948 -0.00246757 0.999996 -0.00183129 -0.00133352 0.00182771 0.999998 0.13424 0.960128 -0.431004
FixedParameters: 0 0 0

#Transform 162
Transform: AffineTransform_float_3_3
Parameters: 0.999994 0.00316818 0.000743242 -0.00316782 0.999995 -0.000240356 -0.000743756 0.000237645 0.999999 0.403806 0.637997 -0.9775
FixedParameters: 0 0 0

#Transform 163
Transform: AffineTransform_float_3_3
Parameters: 0.999996 0.00265536 0.00079549 -0.00265464 0.999995 -0.00170012 -0.000800514 0.00169888 0.999998 0.22211 1.07243 -0.593575
FixedParameters: 0 0 0

#Transform 164
Transform: AffineTransform_float_3_3
Parameters: 0.999994 0.0031905 0.000746134 -0.0031915 0.999994 0.000667622 -0.000743865 -0.000670377 1 0.346971 0.569221 -1.3463
FixedParameters: 0 0 0

#Transform 165
Transform: AffineTransform_float_3_3
Parameters: 0.999996 0.00265358 0.00149675 -0.00265443 0.999997 0.000281028 -0.00149625 -0.000284972 0.999999 0.0960501 0.172814 -0.901361
FixedParameters: 0 0 0

#Transform 166
Transform: AffineTransform_float_3_3
Parameters: 0.999996 0.00262468 0.00136269 -0.00262332 0.999996 -0.000500577 -0.00136331 0.000497424 0.999999 0.114421 0.626406 -0.631786
FixedParameters: 0 0 0

#Transform 167
Transform: AffineTransform_float_3_3
Parameters: 0.999997 0.00238247 0.000745697 -0.00238253 0.999997 0.000711226 -0.000743304 -0.000712773 1 0.111901 0.398604 -1.19608
FixedParameters: 0 0 0

#Transform 168
Transform: AffineTransform_float_3_3
Parameters: 0.999996 0.00246676 0.000801749 -0.00246624 0.999997 0.000303024 -0.00080125 -0.000304977 0.999999 0.149805 0.488983 -1.04078
FixedParameters: 0 0 0

#Transform 169
Transform: AffineTransform_float_3_3
Parameters: 0.999996 0.00245386 0.000744466 -0.00245414 0.999997 0.000189174 -0.000743534 -0.000190825 0.999999 0.136726 0.493913 -1.00148
FixedParameters: 0 0 0

#Transform 170
Transform: AffineTransform_float_3_3
Parameters: 0.999997 0.00232449 0.0007456 -0.00232451 0.999997 0.000687269 -0.000743399 -0.00068973 1 0.0891289 0.470588 -1.19052
FixedParameters: 0 0 0

#Transform 171
Transform: AffineTransform_float_3_3
Parameters: 0.999997 0.00262877 0.000744828 -0.00262924 0.999997 0.000314043 -0.000743172 -0.000315955 0.999999 0.180775 0.540021 -1.11259
FixedParameters: 0 0 0

#Transform 172
Transform: AffineTransform_float_3_3
Parameters: 0.999996 0.00275661 0.000745441 -0.00275739 0.999996 0.000521946 -0.000743558 -0.000524052 0.999999 0.224802 0.539047 -1.1841
FixedParameters: 0 0 0

#Transform 173
Transform: AffineTransform_float_3_3
Parameters: 0.999996 0.00254844 0.00137004 -0.00254956 0.999996 0.000404509 -0.00136897 -0.00040749 0.999999 0.0770845 0.507633 -1.02392
FixedParameters: 0 0 0

#Transform 174
Transform: AffineTransform_float_3_3
Parameters: 0.999996 0.00269467 0.0014325 -0.00269533 0.999996 0.000926143 -0.0014305 -0.000929859 0.999998 0.0986028 0.477843 -1.17386
FixedParameters: 0 0 0

#Transform 175
Transform: AffineTransform_float_3_3
Parameters: 0.999996 0.00296593 0.000748248 -0.00296707 0.999994 0.00143079 -0.000743755 -0.00143221 0.999998 0.297439 0.369309 -1.17231
FixedParameters: 0 0 0

#Transform 176
Transform: AffineTransform_float_3_3
Parameters: 0.999996 0.00274533 0.00136738 -0.00274867 0.999995 0.00195725 -0.00136162 -0.00196075 0.999997 0.146245 0.192622 -1.01125
FixedParameters: 0 0 0

#Transform 177
Transform: AffineTransform_float_3_3
Parameters: 0.999997 0.00261909 0.000747201 -0.00261991 0.999996 0.00122105 -0.000743799 -0.00122295 0.999999 0.198604 0.40878 -1.00289
FixedParameters: 0 0 0

#Transform 178
Transform: AffineTransform_float_3_3
Parameters: 0.999996 0.00275269 0.000748813 -0.0027543 0.999994 0.00174694 -0.000743187 -0.00174905 0.999998 0.244272 0.297412 -1.17581
FixedParameters: 0 0 0

#Transform 179
Transform: AffineTransform_float_3_3
Parameters: 0.999995 0.00272992 0.00113161 -0.00273108 0.999996 0.000954913 -0.00112939 -0.000958087 0.999999 0.185242 0.491915 -0.877934
FixedParameters: 0 0 0

#Transform 180
Transform: AffineTransform_float_3_3
Parameters: 0.999996 0.00296693 0.000682067 -0.00296907 0.999991 0.00305399 -0.000672933 -0.00305601 0.999995 0.276213 0.214808 -1.63688
FixedParameters: 0 0 0

#Transform 181
Transform: AffineTransform_float_3_3
Parameters: 0.999997 0.00213629 -0.000400139 -0.0021347 0.999992 0.00321286 0.00040686 -0.00321214 0.999995 0.117489 -0.00866834 -1.91394
FixedParameters: 0 0 0

#Transform 182
Transform: AffineTransform_float_3_3
Parameters: 0.999994 0.00316716 0.000778337 -0.00316684 0.999995 -0.000210466 -0.000778664 0.000208535 0.999999 0.337068 0.451024 -0.23325
FixedParameters: 0 0 0

#Transform 183
Transform: AffineTransform_float_3_3
Parameters: 0.999993 0.00375702 0.00021172 -0.00375698 0.999993 -7.4796e-05 -0.00021128 7.42067e-05 1 0.564287 0.627336 -0.629989
FixedParameters: 0 0 0

#Transform 184
Transform: AffineTransform_float_3_3
Parameters: 0.999993 0.00377866 0.000353663 -0.00377834 0.999993 0.000968672 -0.000350337 -0.000970332 1 0.564305 0.479979 -0.941727
FixedParameters: 0 0 0

#Transform 185
Transform: AffineTransform_float_3_3
Parameters: 0.999995 0.0031616 0.000466732 -0.0031624 0.999994 0.000863528 -0.000464265 -0.000865472 0.999999 0.360685 0.509421 -0.883875
FixedParameters: 0 0 0

#Transform 186
Transform: AffineTransform_float_3_3
Parameters: 0.999994 0.00350322 0.000471855 -0.00350378 0.999993 0.00167036 -0.000465143 -0.00167264 0.999998 0.454094 0.424315 -1.17535
FixedParameters: 0 0 0

#Transform 187
Transform: AffineTransform_float_3_3
Parameters: 0.999993 0.00388046 0.000344156 -0.00388154 0.999991 0.00158568 -0.000337842 -0.00158732 0.999998 0.584968 0.573287 -1.18558
FixedParameters: 0 0 0

#Transform 188
Transform: AffineTransform_float_3_3
Parameters: 0.999987 0.00506968 0.000218678 -0.00507033 0.999986 0.00151391 -0.000211321 -0.00151509 0.999999 0.972909 0.765132 -1.19033
FixedParameters: 0 0 0

#Transform 189
Transform: AffineTransform_float_3_3
