#Insight Transform File V1.0
#Transform 0
Transform: AffineTransform_float_3_3
Parameters: 0.999999 -0.000468022 0.000592194 0.000466979 0.999999 0.00172428 -0.000592806 -0.00172372 0.999999 -0.131528 -0.536797 -0.353379
FixedParameters: 0 0 0

#Transform 1
Transform: AffineTransform_float_3_3
Parameters: 1 -0.000467401 0.000310397 0.000466598 0.999999 0.00129015 -0.000311602 -0.00128985 0.999999 -0.0858195 -0.463329 -0.23801
FixedParameters: 0 0 0

#Transform 2
Transform: AffineTransform_float_3_3
Parameters: 1 -0.000241599 0.00042466 0.0002404 0.999999 0.0014101 -0.000425339 -0.0014099 0.999999 -0.0524785 -0.412449 -0.304451
FixedParameters: 0 0 0

#Transform 3
Transform: AffineTransform_float_3_3
Parameters: 1 -3.31477e-05 0.000128962 3.28523e-05 1 0.00114501 -0.000129038 -0.001145 1 0.0679841 -0.262216 -0.240149
FixedParameters: 0 0 0

#Transform 4
Transform: AffineTransform_float_3_3
Parameters: 1 -5.68272e-05 0.00058792 5.51726e-05 0.999999 0.00140703 -0.000588078 -0.00140697 0.999999 -0.0268436 -0.412799 -0.228126
FixedParameters: 0 0 0

#Transform 5
Transform: AffineTransform_float_3_3
Parameters: 1 -7.71244e-05 0.000128926 7.78754e-05 0.999999 0.000965009 -0.000129075 -0.000964989 0.999999 0.0407838 -0.308262 -0.211343
FixedParameters: 0 0 0

#Transform 6
Transform: AffineTransform_float_3_3
Parameters: 1 0.00012866 0.000406108 -0.00012934 0.999999 0.000837947 -0.000405892 -0.000838052 0.999999 0.0400272 -0.166516 -0.147322
FixedParameters: 0 0 0

#Transform 7
Transform: AffineTransform_float_3_3
Parameters: 1 9.43129e-06 0.00055701 -9.56868e-06 0.999999 0.00102099 -0.000556991 -0.00102101 1 -0.0396705 -0.308871 -0.148984
FixedParameters: 0 0 0

#Transform 8
Transform: AffineTransform_float_3_3
Parameters: 1 9.92027e-06 0.000129006 -1.00797e-05 1 0.000617998 -0.000128994 -0.000618001 1 0.0422128 -0.222188 -0.15151
FixedParameters: 0 0 0

#Transform 9
Transform: AffineTransform_float_3_3
Parameters: 1 -6.62167e-05 0.000577975 6.57832e-05 1 0.000375038 -0.000578024 -0.000374962 1 -0.0707187 -0.125805 0.0119807
FixedParameters: 0 0 0

#Transform 10
Transform: AffineTransform_float_3_3
Parameters: 1 1.37062e-05 0.000452009 -1.42938e-05 1 0.000649993 -0.000451991 -0.000650006 0.999999 -0.025985 -0.198503 -0.046161
FixedParameters: 0 0 0

#Transform 11
Transform: AffineTransform_float_3_3
Parameters: 1 4.16522e-05 0.000419034 -4.23477e-05 0.999999 0.000829982 -0.000418965 -0.000830017 0.999999 -0.0127798 -0.286197 -0.132669
FixedParameters: 0 0 0

#Transform 12
Transform: AffineTransform_float_3_3
Parameters: 1 0.000213861 0.000310096 -0.000214138 1 0.000446934 -0.000309904 -0.000447066 1 0.057275 -0.116592 -0.0639675
FixedParameters: 0 0 0

#Transform 13
Transform: AffineTransform_float_3_3
Parameters: 1 3.77933e-05 0.000318025 -3.72067e-05 1 0.000649988 -0.000317976 -0.000650012 0.999999 -0.00345542 -0.158363 -0.117257
FixedParameters: 0 0 0

#Transform 14
Transform: AffineTransform_float_3_3
Parameters: 1 3.49161e-05 0.000129023 -3.40838e-05 1 0.000649995 -0.000128978 -0.000650004 1 0.0236928 -0.216076 -0.157814
FixedParameters: 0 0 0

#Transform 15
Transform: AffineTransform_float_3_3
Parameters: 1 1.99876e-05 5.50045e-05 -2.00124e-05 1 0.000224999 -5.49955e-05 -0.000225001 1 0.0334178 -0.100852 -0.0763136
FixedParameters: 0 0 0

#Transform 16
Transform: AffineTransform_float_3_3
Parameters: 1 0.000486017 4.28066e-05 -0.000485983 1 -0.000398021 -4.31934e-05 0.000397979 1 0.176997 0.186706 0.119038
FixedParameters: 0 0 0

#Transform 17
Transform: AffineTransform_float_3_3
Parameters: 1 0.000486157 -0.000292739 -0.000485843 0.999999 0.000536142 0.000292261 -0.000536858 1 0.241307 -0.115486 -0.201627
FixedParameters: 0 0 0

#Transform 18
Transform: AffineTransform_float_3_3
Parameters: 1 0.000132153 -0.000292931 -0.000132846 1 0.000524039 0.00029307 -0.000523961 1 0.130949 -0.20014 -0.202288
FixedParameters: 0 0 0

#Transform 19
Transform: AffineTransform_float_3_3
Parameters: 1 7.20017e-05 -0.000119999 -7.19983e-05 1 1.40086e-05 0.000120001 -1.39914e-05 1 0.0647593 -0.0561408 -0.0220941
FixedParameters: 0 0 0

#Transform 20
Transform: AffineTransform_float_3_3
Parameters: 1 -2.09697e-05 0.000383002 2.10303e-05 1 -7.89919e-05 -0.000382998 7.9008e-05 1 -0.0515801 0.0152555 0.100204
FixedParameters: 0 0 0

#Transform 21
Transform: AffineTransform_float_3_3
Parameters: 1 3.99438e-05 0.000146015 -4.00563e-05 1 0.000385994 -0.000145985 -0.000385006 1 -0.0181734 -0.145646 -0.0717971
FixedParameters: 0 0 0

#Transform 22
Transform: AffineTransform_float_3_3
Parameters: 1 -3.32472e-05 0.000339976 3.37528e-05 0.999999 0.000727011 -0.000340024 -0.000726988 0.999999 -0.0877459 -0.268073 -0.164639
FixedParameters: 0 0 0

#Transform 23
Transform: AffineTransform_float_3_3
Parameters: 1 -0.000246044 6.38295e-05 0.000245956 0.999999 0.000693015 -6.41704e-05 -0.000692984 1 -0.102741 -0.256767 -0.255404
FixedParameters: 0 0 0

#Transform 24
Transform: AffineTransform_float_3_3
Parameters: 1 -0.00023495 -7.41595e-05 0.00023505 0.999999 0.000678982 7.38404e-05 -0.000679017 1 -0.083931 -0.182848 -0.318395
FixedParameters: 0 0 0

#Transform 25
Transform: AffineTransform_float_3_3
Parameters: 1 3.99995e-05 -3.20006e-05 -4.00005e-05 1 -1.59987e-05 3.19994e-05 1.60013e-05 1 -0.0242202 0.0566023 -0.0997521
FixedParameters: 0 0 0

#Transform 26
Transform: AffineTransform_float_3_3
Parameters: 1 4.00807e-05 -0.00010697 -3.99193e-05 0.999999 0.000754004 0.00010703 -0.000753995 0.999999 -0.00363888 -0.169369 -0.347611
FixedParameters: 0 0 0

#Transform 27
Transform: AffineTransform_float_3_3
Parameters: 1 -0.000424647 -0.000293511 0.000425352 0.999999 0.00120288 0.000292489 -0.00120312 0.999999 -0.126828 -0.432325 -0.519803
FixedParameters: 0 0 0

#Transform 28
Transform: AffineTransform_float_3_3
Parameters: 1 -0.000454891 -0.000175282 0.000455109 0.999999 0.00061892 0.000175718 -0.00061908 1 -0.165102 -0.25204 -0.320175
FixedParameters: 0 0 0

#Transform 29
Transform: AffineTransform_float_3_3
Parameters: 1 -0.000454952 -0.000293075 0.000455048 1 0.000163867 0.000292925 -0.000164133 1 -0.136056 -0.077623 -0.188934
FixedParameters: 0 0 0

#Transform 30
Transform: AffineTransform_float_3_3
Parameters: 1 -0.000454658 -0.00029353 0.000454341 0.999999 0.00116587 0.000292471 -0.00116513 1 -0.135847 -0.389335 -0.437219
FixedParameters: 0 0 0

#Transform 31
Transform: AffineTransform_float_3_3
Parameters: 1 -0.000454699 -0.000293467 0.0004543 1 0.00102587 0.000292534 -0.00102613 1 -0.142629 -0.330987 -0.514769
FixedParameters: 0 0 0

#Transform 32
Transform: AffineTransform_float_3_3
Parameters: 1 -0.000563654 -0.000293665 0.000564345 0.999999 0.00117883 0.000292335 -0.00117917 1 -0.188281 -0.342515 -0.561055
FixedParameters: 0 0 0

#Transform 33
Transform: AffineTransform_float_3_3
Parameters: 1 -0.000454771 -0.000215485 0.00045423 1 0.0010659 0.000215516 -0.0010661 1 -0.175835 -0.296363 -0.538935
FixedParameters: 0 0 0

#Transform 34
Transform: AffineTransform_float_3_3
Parameters: 1 -0.00045473 -0.000293418 0.000454269 1 0.000919867 0.000292582 -0.000920133 0.999999 -0.16605 -0.255906 -0.511106
FixedParameters: 0 0 0

#Transform 35
Transform: AffineTransform_float_3_3
Parameters: 0.999999 -0.000622963 -0.000500045 0.000623036 1 7.26885e-05 0.000499954 -7.33115e-05 1 -0.189156 -0.0748527 -0.312631
FixedParameters: 0 0 0

#Transform 36
Transform: AffineTransform_float_3_3
Parameters: 0.999999 -0.000454726 -0.000568219 0.000454274 1 0.000482742 0.000567781 -0.000482258 0.999999 -0.125118 -0.134642 -0.430481
FixedParameters: 0 0 0

#Transform 37
Transform: AffineTransform_float_3_3
Parameters: 1 -0.000454843 -0.000293244 0.000454157 1 0.000535867 0.000292756 -0.000536133 1 -0.177896 -0.185835 -0.368442
FixedParameters: 0 0 0

#Transform 38
Transform: AffineTransform_float_3_3
Parameters: 1 -0.000454686 -0.000293488 0.000454314 1 0.00107187 0.000292513 -0.00107213 1 -0.17776 -0.398152 -0.519984
FixedParameters: 0 0 0

#Transform 39
Transform: AffineTransform_float_3_3
Parameters: 1 -0.000454496 -0.000532431 0.000454504 1 0.000946759 0.00053157 -0.000947243 1 -0.131861 -0.322026 -0.557895
FixedParameters: 0 0 0

#Transform 40
Transform: AffineTransform_float_3_3
Parameters: 0.999999 -0.00076289 -0.000293284 0.000763108 0.999999 0.000371776 0.000292716 -0.000372223 1 -0.282155 -0.164501 -0.35369
FixedParameters: 0 0 0

#Transform 41
Transform: AffineTransform_float_3_3
Parameters: 0.999999 -0.00078474 -0.000293694 0.000785259 1 0.00088477 0.000292305 -0.00088523 0.999999 -0.282494 -0.297508 -0.499748
FixedParameters: 0 0 0

#Transform 42
Transform: AffineTransform_float_3_3
Parameters: 0.999999 -0.000682652 -0.00029381 0.000683347 0.999999 0.0011858 0.00029219 -0.0011852 1 -0.253515 -0.41733 -0.589625
FixedParameters: 0 0 0

#Transform 43
Transform: AffineTransform_float_3_3
Parameters: 0.999999 -0.000802834 -0.000293453 0.000803164 0.999999 0.000563764 0.000292548 -0.000563235 1 -0.300903 -0.27734 -0.440606
FixedParameters: 0 0 0

#Transform 44
Transform: AffineTransform_float_3_3
Parameters: 0.999999 -0.000903871 -0.000293398 0.000904129 1 0.000440735 0.000292601 -0.000441265 1 -0.330733 -0.199389 -0.372633
FixedParameters: 0 0 0

#Transform 45
Transform: AffineTransform_float_3_3
Parameters: 0.999999 -0.000903693 -0.000293946 0.000904307 0.999999 0.00104674 0.000293054 -0.00104627 1 -0.329333 -0.417326 -0.556054
FixedParameters: 0 0 0

#Transform 46
Transform: AffineTransform_float_3_3
Parameters: 1 -0.000903369 -0.000475202 0.000904631 0.999998 0.00132957 0.000473797 -0.00133043 0.999999 -0.303036 -0.463953 -0.717181
FixedParameters: 0 0 0

#Transform 47
Transform: AffineTransform_float_3_3
Parameters: 1 -0.000903642 -0.000626518 0.00090436 1 0.000572434 0.000626483 -0.000572567 0.999999 -0.281511 -0.247236 -0.524246
FixedParameters: 0 0 0

#Transform 48
Transform: AffineTransform_float_3_3
Parameters: 1 -0.000903928 -0.000647101 0.000904072 0.999999 0.000111415 0.000646899 -0.000111585 1 -0.277687 -0.129684 -0.345996
FixedParameters: 0 0 0

#Transform 49
Transform: AffineTransform_float_3_3
Parameters: 1 -0.000903228 -0.000610145 0.000904772 0.999999 0.00126645 0.000608855 -0.00126655 0.999999 -0.284467 -0.448478 -0.731329
FixedParameters: 0 0 0

#Transform 50
Transform: AffineTransform_float_3_3
Parameters: 1 -0.000903102 -0.000710145 0.000904899 0.999999 0.00126636 0.000708855 -0.00126664 0.999999 -0.276705 -0.449833 -0.768416
FixedParameters: 0 0 0

#Transform 51
Transform: AffineTransform_float_3_3
Parameters: 0.999999 -0.00101868 -0.000808406 0.00101832 1 0.000398177 0.000808594 -0.000398824 0.999999 -0.311474 -0.212806 -0.504401
FixedParameters: 0 0 0

#Transform 52
Transform: AffineTransform_float_3_3
Parameters: 0.999999 -0.00111853 -0.000733716 0.00111947 0.999999 0.000640179 0.000732283 -0.000640819 0.999999 -0.356121 -0.296252 -0.55557
FixedParameters: 0 0 0

#Transform 53
Transform: AffineTransform_float_3_3
Parameters: 0.999999 -0.00107162 -0.000956552 0.00107338 0.999999 0.00144697 0.000955447 -0.00144803 0.999998 -0.298997 -0.530513 -0.850804
FixedParameters: 0 0 0

#Transform 54
Transform: AffineTransform_float_3_3
Parameters: 0.999999 -0.000902733 -0.000904265 0.000904265 0.999998 0.00140018 0.000902733 -0.00140181 0.999998 -0.258003 -0.441062 -0.854789
FixedParameters: 0 0 0

#Transform 55
Transform: AffineTransform_float_3_3
Parameters: 0.999999 -0.00113106 -0.00107899 0.00113194 0.999999 0.00087578 0.00107801 -0.00087622 0.999999 -0.313054 -0.300173 -0.731091
FixedParameters: 0 0 0

#Transform 56
Transform: AffineTransform_float_3_3
Parameters: 0.999999 -0.001066 -0.00115585 0.001068 0.999998 0.00173077 0.00115415 -0.00173223 0.999998 -0.278357 -0.555034 -0.997587
FixedParameters: 0 0 0

#Transform 57
Transform: AffineTransform_float_3_3
Parameters: 0.999999 -0.00117036 -0.00135542 0.00117164 0.999998 0.00121041 0.00135358 -0.00121159 0.999999 -0.28672 -0.416422 -0.911785
FixedParameters: 0 0 0

#Transform 58
Transform: AffineTransform_float_3_3
Parameters: 0.999999 -0.00090258 -0.00151485 0.000904421 0.999999 0.000937632 0.00151315 -0.000938368 0.999999 -0.177494 -0.273976 -0.845671
FixedParameters: 0 0 0

#Transform 59
Transform: AffineTransform_float_3_3
Parameters: 0.999998 -0.000901571 -0.00137559 0.000904427 0.999998 0.00176576 0.0013734 -0.00176724 0.999998 -0.198827 -0.539412 -1.05197
FixedParameters: 0 0 0

#Transform 60
Transform: AffineTransform_float_3_3
Parameters: 0.999998 -0.00100365 -0.00139669 0.00100636 0.999998 0.0016866 0.0013953 -0.0016874 0.999997 -0.220204 -0.504451 -1.06218
FixedParameters: 0 0 0

#Transform 61
Transform: AffineTransform_float_3_3
Parameters: 0.999998 -0.0013181 -0.0013289 0.0013189 0.999999 0.000678248 0.00132711 -0.00067975 0.999999 -0.343092 -0.302315 -0.742196
FixedParameters: 0 0 0

#Transform 62
Transform: AffineTransform_float_3_3
Parameters: 0.999998 -0.00131697 -0.0014878 0.00131903 0.999998 0.00136604 0.0014852 -0.00136796 0.999998 -0.309153 -0.49931 -0.936815
FixedParameters: 0 0 0

#Transform 63
Transform: AffineTransform_float_3_3
Parameters: 0.999999 -0.0013167 -0.00126141 0.00131831 0.999998 0.00182934 0.00125859 -0.00183066 0.999997 -0.34734 -0.619858 -1.05006
FixedParameters: 0 0 0

#Transform 64
Transform: AffineTransform_float_3_3
Parameters: 0.999998 -0.00131675 -0.00154093 0.00131925 0.999998 0.00146297 0.00153907 -0.00146503 0.999997 -0.311811 -0.47256 -1.02177
FixedParameters: 0 0 0

#Transform 65
Transform: AffineTransform_float_3_3
Parameters: 0.999999 -0.0013175 -0.00129153 0.0013185 0.999999 0.0011633 0.00129047 -0.0011647 0.999998 -0.34827 -0.390824 -0.870619
FixedParameters: 0 0 0

#Transform 66
Transform: AffineTransform_float_3_3
Parameters: 0.999998 -0.00116168 -0.00124317 0.00116431 0.999997 0.00186256 0.00124183 -0.00186445 0.999998 -0.30515 -0.619679 -1.08577
FixedParameters: 0 0 0

#Transform 67
Transform: AffineTransform_float_3_3
Parameters: 0.999999 -0.00100647 -0.0014158 0.00100953 0.999998 0.00178657 0.0014142 -0.00178743 0.999998 -0.233859 -0.527433 -1.13149
FixedParameters: 0 0 0

#Transform 68
Transform: AffineTransform_float_3_3
Parameters: 0.999997 -0.00115854 -0.00179459 0.00116146 0.999999 0.00137192 0.00179341 -0.00137408 0.999998 -0.229396 -0.405667 -1.0927
FixedParameters: 0 0 0

#Transform 69
Transform: AffineTransform_float_3_3
Parameters: 0.999997 -0.0010898 -0.00188727 0.0010912 0.999998 0.00116594 0.00188573 -0.00116806 0.999997 -0.177762 -0.323821 -1.02587
FixedParameters: 0 0 0

#Transform 70
Transform: AffineTransform_float_3_3
Parameters: 0.999998 -0.00116827 -0.00164994 0.00117073 0.999998 0.00165407 0.00164807 -0.00165593 0.999998 -0.247064 -0.552591 -1.11503
FixedParameters: 0 0 0

#Transform 71
Transform: AffineTransform_float_3_3
Parameters: 0.999997 -0.00100271 -0.00217398 0.00100629 0.999998 0.00197182 0.00217202 -0.00197418 0.999995 -0.100946 -0.560762 -1.37507
FixedParameters: 0 0 0

#Transform 72
Transform: AffineTransform_float_3_3
Parameters: 0.999997 -0.00109822 -0.00191959 0.00110078 0.999999 0.00144789 0.00191741 -0.00145011 0.999997 -0.182101 -0.432916 -1.16148
FixedParameters: 0 0 0

#Transform 73
Transform: AffineTransform_float_3_3
Parameters: 0.999997 -0.00107328 -0.00186799 0.00107472 0.999999 0.000917994 0.00186701 -0.000920006 0.999998 -0.187203 -0.288056 -0.969056
FixedParameters: 0 0 0

#Transform 74
Transform: AffineTransform_float_3_3
Parameters: 0.999997 -0.00114169 -0.00185404 0.00114431 0.999997 0.00178688 0.00185196 -0.00178912 0.999996 -0.205762 -0.582335 -1.21463
FixedParameters: 0 0 0

#Transform 75
Transform: AffineTransform_float_3_3
Parameters: 0.999998 -0.00131637 -0.0016521 0.00131863 0.999998 0.00159383 0.0016499 -0.00159518 0.999998 -0.303804 -0.531657 -1.15948
FixedParameters: 0 0 0

#Transform 76
Transform: AffineTransform_float_3_3
Parameters: 0.999998 -0.00131738 -0.00190512 0.00131862 0.999999 0.00085049 0.00190388 -0.00085251 0.999998 -0.262697 -0.312221 -0.956017
FixedParameters: 0 0 0

#Transform 77
Transform: AffineTransform_float_3_3
Parameters: 0.999998 -0.00131593 -0.00184419 0.00131906 0.999997 0.00166157 0.00184181 -0.00166443 0.999997 -0.269449 -0.582997 -1.18966
FixedParameters: 0 0 0

#Transform 78
Transform: AffineTransform_float_3_3
Parameters: 0.999997 -0.00131405 -0.00211208 0.00131895 0.999997 0.00234122 0.00210991 -0.00234478 0.999995 -0.218707 -0.736182 -1.48602
FixedParameters: 0 0 0

#Transform 79
Transform: AffineTransform_float_3_3
Parameters: 0.999998 -0.00131659 -0.00184173 0.00131841 0.999999 0.00130958 0.00184027 -0.00131243 0.999998 -0.288539 -0.439764 -1.11911
FixedParameters: 0 0 0

#Transform 80
Transform: AffineTransform_float_3_3
Parameters: 0.999997 -0.00131675 -0.00217436 0.00131924 0.999998 0.00103113 0.00217264 -0.00103386 0.999997 -0.225309 -0.367788 -1.08572
FixedParameters: 0 0 0

#Transform 81
Transform: AffineTransform_float_3_3
Parameters: 0.999997 -0.00131522 -0.00212535 0.00131878 0.999997 0.0017802 0.00212365 -0.0017828 0.999996 -0.233492 -0.639217 -1.33092
FixedParameters: 0 0 0

#Transform 82
Transform: AffineTransform_float_3_3
Parameters: 0.999997 -0.0013147 -0.00212966 0.0013183 0.999997 0.0020202 0.00212634 -0.0020228 0.999995 -0.232704 -0.624557 -1.41091
FixedParameters: 0 0 0

#Transform 83
Transform: AffineTransform_float_3_3
Parameters: 0.999997 -0.0010785 -0.00242811 0.0010815 0.999999 0.00102938 0.00242689 -0.00103262 0.999996 -0.119516 -0.319849 -1.19006
FixedParameters: 0 0 0

#Transform 84
Transform: AffineTransform_float_3_3
Parameters: 0.999996 -0.0013167 -0.00227333 0.0013183 0.999998 0.00101101 0.00227267 -0.001014 0.999997 -0.229682 -0.38025 -1.12118
FixedParameters: 0 0 0

#Transform 85
Transform: AffineTransform_float_3_3
Parameters: 0.999997 -0.00110659 -0.00248097 0.00111141 0.999998 0.00177825 0.00247903 -0.00178075 0.999996 -0.119176 -0.562136 -1.41391
FixedParameters: 0 0 0

#Transform 86
Transform: AffineTransform_float_3_3
Parameters: 0.999996 -0.00131414 -0.00242664 0.00131886 0.999997 0.00200181 0.00242436 -0.00200419 0.999995 -0.193418 -0.614628 -1.50811
FixedParameters: 0 0 0

#Transform 87
Transform: AffineTransform_float_3_3
Parameters: 0.999996 -0.0013157 -0.00243479 0.0013183 0.999998 0.0013558 0.00243221 -0.00135821 0.999996 -0.197879 -0.449303 -1.31723
FixedParameters: 0 0 0

#Transform 88
Transform: AffineTransform_float_3_3
Parameters: 0.999997 -0.00116954 -0.0021368 0.00117146 0.999999 0.000681499 0.0021362 -0.0006845 0.999997 -0.208297 -0.290955 -1.04518
FixedParameters: 0 0 0

#Transform 89
Transform: AffineTransform_float_3_3
Parameters: 0.999997 -0.000517807 -0.00210505 0.000518192 1 9.09094e-05 0.00210495 -9.20901e-05 0.999998 -0.0080188 0.030144 -0.885004
FixedParameters: 0 0 0

#Transform 90
Transform: AffineTransform_float_3_3
Parameters: 0.999998 -0.000853134 -0.00206078 0.000854868 0.999999 0.000905241 0.00206023 -0.000906761 0.999998 -0.120775 -0.342685 -1.09439
FixedParameters: 0 0 0

#Transform 91
Transform: AffineTransform_float_3_3
Parameters: 0.999997 -0.000724247 -0.00203262 0.000725753 1 0.000861527 0.00203237 -0.000863474 0.999997 -0.0793573 -0.322818 -1.09071
FixedParameters: 0 0 0

#Transform 92
Transform: AffineTransform_float_3_3
Parameters: 0.999997 -0.000706347 -0.00242019 0.000706653 0.999999 0.000269291 0.00241981 -0.00027071 0.999997 -0.0289929 -0.0868 -1.00081
FixedParameters: 0 0 0

#Transform 93
Transform: AffineTransform_float_3_3
Parameters: 0.999997 -0.000679822 -0.00225505 0.000680176 1 7.74664e-05 0.00225495 -7.95332e-05 0.999998 -0.0452607 -0.0564289 -0.862008
FixedParameters: 0 0 0

#Transform 94
Transform: AffineTransform_float_3_3
Parameters: 0.999997 -0.000805253 -0.00202809 0.000807745 0.999999 0.00135336 0.00202691 -0.00135564 0.999997 -0.128616 -0.463304 -1.2136
FixedParameters: 0 0 0

#Transform 95
Transform: AffineTransform_float_3_3
Parameters: 0.999997 -0.000679457 -0.00237844 0.000681545 1 0.000648381 0.00237856 -0.000649618 0.999997 -0.0337949 -0.188144 -1.10702
FixedParameters: 0 0 0

#Transform 96
Transform: AffineTransform_float_3_3
Parameters: 0.999996 -0.000390021 -0.00255915 0.000390979 1 0.000382001 0.00255885 -0.000382999 0.999996 0.104361 0.00012027 -1.05817
FixedParameters: 0 0 0

#Transform 97
Transform: AffineTransform_float_3_3
Parameters: 0.999997 -0.000786966 -0.00226371 0.000789036 1 0.000898217 0.00226329 -0.000899784 0.999997 -0.0792859 -0.337392 -1.14533
FixedParameters: 0 0 0

#Transform 98
Transform: AffineTransform_float_3_3
Parameters: 0.999997 -0.000714953 -0.00257513 0.000719047 0.999998 0.00157115 0.00257388 -0.00157285 0.999996 0.000905837 -0.427625 -1.45539
FixedParameters: 0 0 0

#Transform 99
Transform: AffineTransform_float_3_3
Parameters: 0.999995 -0.000671193 -0.0030224 0.000672807 0.999999 0.000596969 0.0030226 -0.000599032 0.999996 0.102739 -0.105296 -1.2559
FixedParameters: 0 0 0

#Transform 100
Transform: AffineTransform_float_3_3
Parameters: 0.999997 -0.000556471 -0.00260854 0.000558532 1 0.000969547 0.00260846 -0.000970455 0.999996 0.0549946 -0.212 -1.24104
FixedParameters: 0 0 0

#Transform 101
Transform: AffineTransform_float_3_3
Parameters: 0.999996 -0.00047487 -0.00279171 0.00047913 0.999999 0.00147867 0.00279129 -0.00148033 0.999995 0.113002 -0.334566 -1.46679
FixedParameters: 0 0 0

#Transform 102
Transform: AffineTransform_float_3_3
Parameters: 0.999996 -0.000618163 -0.00273842 0.000619837 0.999999 0.000670305 0.00273759 -0.000671695 0.999996 0.0468091 -0.151018 -1.23581
FixedParameters: 0 0 0

#Transform 103
Transform: AffineTransform_float_3_3
Parameters: 0.999996 -0.000396129 -0.00299912 0.000396871 1 0.000289811 0.00299889 -0.000291189 0.999996 0.182263 0.0293757 -1.16427
FixedParameters: 0 0 0

#Transform 104
Transform: AffineTransform_float_3_3
Parameters: 0.999996 -0.000233787 -0.00286326 0.000237211 1 0.00112133 0.00286274 -0.00112267 0.999996 0.195297 -0.232877 -1.37756
FixedParameters: 0 0 0

#Transform 105
Transform: AffineTransform_float_3_3
Parameters: 0.999996 -0.000233636 -0.00306026 0.000237365 1 0.00109928 0.00305974 -0.00109972 0.999994 0.234124 -0.208095 -1.47125
FixedParameters: 0 0 0

#Transform 106
Transform: AffineTransform_float_3_3
Parameters: 0.999995 -0.000496053 -0.00320215 0.000496945 1 0.00029441 0.00320185 -0.00029659 0.999995 0.171744 -0.0272119 -1.26779
FixedParameters: 0 0 0

#Transform 107
Transform: AffineTransform_float_3_3
Parameters: 0.999996 -0.000663316 -0.00280563 0.000665684 1 0.000956136 0.00280436 -0.000957864 0.999995 0.0500959 -0.2094 -1.34611
FixedParameters: 0 0 0

#Transform 108
Transform: AffineTransform_float_3_3
Parameters: 0.999995 -0.000557528 -0.00308463 0.000560473 0.999999 0.00112528 0.00308337 -0.00112672 0.999994 0.129086 -0.284946 -1.4718
FixedParameters: 0 0 0

#Transform 109
Transform: AffineTransform_float_3_3
Parameters: 0.999995 -0.000335975 -0.00311722 0.000338024 0.999999 0.000648949 0.00311678 -0.00065005 0.999995 0.197837 -0.0583065 -1.36175
FixedParameters: 0 0 0

#Transform 110
Transform: AffineTransform_float_3_3
Parameters: 0.999996 -4.5023e-05 -0.0029 4.49766e-05 1 -8.13046e-06 0.0029 7.86946e-06 0.999996 0.254194 0.159722 -1.11087
FixedParameters: 0 0 0

#Transform 111
Transform: AffineTransform_float_3_3
Parameters: 0.999995 8.36873e-05 -0.00321493 -8.13118e-05 0.999999 0.000836266 0.00321507 -0.000835735 0.999995 0.345807 -0.0807975 -1.4365
FixedParameters: 0 0 0

#Transform 112
Transform: AffineTransform_float_3_3
Parameters: 0.999994 8.56581e-05 -0.00331391 -8.13408e-05 1 0.00110428 0.00331409 -0.00110372 0.999994 0.364672 -0.139579 -1.52137
FixedParameters: 0 0 0

#Transform 113
Transform: AffineTransform_float_3_3
Parameters: 0.999995 -0.000194543 -0.00309097 0.000194458 1 -0.000175602 0.00309104 0.0001754 0.999995 0.237838 0.12965 -1.09879
FixedParameters: 0 0 0

#Transform 114
Transform: AffineTransform_float_3_3
Parameters: 0.999995 -9.83476e-05 -0.00337805 0.000100651 1 0.000488663 0.00337795 -0.000489335 0.999994 0.322691 -0.0417003 -1.30323
FixedParameters: 0 0 0

#Transform 115
Transform: AffineTransform_float_3_3
Parameters: 0.999996 -0.000133686 -0.00301815 0.000137313 1 0.00109759 0.00301785 -0.00109841 0.999995 0.249721 -0.228878 -1.41404
FixedParameters: 0 0 0

#Transform 116
Transform: AffineTransform_float_3_3
Parameters: 0.999996 6.84311e-05 -0.00305197 -6.65714e-05 1 0.000468205 0.00305203 -0.000468793 0.999995 0.312111 0.0113775 -1.25987
FixedParameters: 0 0 0

#Transform 117
Transform: AffineTransform_float_3_3
Parameters: 0.999995 0.000130956 -0.003339 -0.000131043 1 -1.25625e-05 0.003339 1.34373e-05 0.999995 0.387432 0.174286 -1.17766
FixedParameters: 0 0 0

#Transform 118
Transform: AffineTransform_float_3_3
Parameters: 0.999995 -8.86976e-06 -0.00316501 1.21301e-05 1 0.000988967 0.00316499 -0.000989033 0.999994 0.307924 -0.136206 -1.43325
FixedParameters: 0 0 0

#Transform 119
Transform: AffineTransform_float_3_3
Parameters: 0.999995 -3.73328e-05 -0.00310505 4.06668e-05 1 0.00118088 0.00310496 -0.00118112 0.999995 0.283745 -0.203468 -1.49328
FixedParameters: 0 0 0

#Transform 120
Transform: AffineTransform_float_3_3
Parameters: 0.999994 -0.000135667 -0.00343001 0.000136335 1 9.7533e-05 0.00342999 -9.74659e-05 0.999994 0.296336 0.0998925 -1.25312
FixedParameters: 0 0 0

#Transform 121
Transform: AffineTransform_float_3_3
Parameters: 0.999994 0.000156973 -0.003279 -0.000157025 1 -7.48515e-06 0.003279 8.51476e-06 0.999994 0.375223 0.202868 -1.15894
FixedParameters: 0 0 0

#Transform 122
Transform: AffineTransform_float_3_3
Parameters: 0.999994 -8.30861e-05 -0.0034541 8.69129e-05 1 0.00113271 0.00345391 -0.00113329 0.999994 0.319716 -0.177621 -1.56788
FixedParameters: 0 0 0

#Transform 123
Transform: AffineTransform_float_3_3
Parameters: 0.999993 -4.62395e-06 -0.00380201 1.03759e-05 0.999998 0.00167697 0.00380199 -0.00167703 0.999992 0.408512 -0.248863 -1.84186
FixedParameters: 0 0 0

#Transform 124
Transform: AffineTransform_float_3_3
Parameters: 0.999993 -6.46256e-05 -0.00357802 6.63735e-05 1 0.000383765 0.00357797 -0.000384233 0.999993 0.339441 0.0925181 -1.42161
FixedParameters: 0 0 0

#Transform 125
Transform: AffineTransform_float_3_3
Parameters: 0.999993 3.41309e-05 -0.00367497 -3.08687e-05 0.999999 0.000852119 0.00367503 -0.00085188 0.999993 0.393977 0.0261094 -1.5762
FixedParameters: 0 0 0

#Transform 126
Transform: AffineTransform_float_3_3
Parameters: 0.999993 -0.000186204 -0.00355425 0.000190793 0.999999 0.00134833 0.00355374 -0.00134967 0.999993 0.301023 -0.213993 -1.73241
FixedParameters: 0 0 0

#Transform 127
Transform: AffineTransform_float_3_3
Parameters: 0.999993 -0.00019671 -0.00374133 0.000203292 0.999998 0.00168125 0.00374166 -0.00168175 0.999991 0.332037 -0.249708 -1.88243
FixedParameters: 0 0 0

#Transform 128
Transform: AffineTransform_float_3_3
Parameters: 0.999994 -0.000236739 -0.00333109 0.000237261 1 0.000378212 0.00333091 -0.000378791 0.999995 0.23373 0.0706713 -1.40211
FixedParameters: 0 0 0

#Transform 129
Transform: AffineTransform_float_3_3
Parameters: 0.999993 -0.000311061 -0.00370825 0.000313939 0.999999 0.000791841 0.00370875 -0.000793159 0.999993 0.285167 -0.0647107 -1.58551
FixedParameters: 0 0 0

#Transform 130
Transform: AffineTransform_float_3_3
Parameters: 0.999993 -0.000333536 -0.00366869 0.000340465 0.999998 0.00203476 0.00366732 -0.00203524 0.999991 0.268871 -0.343327 -1.99953
FixedParameters: 0 0 0

#Transform 131
Transform: AffineTransform_float_3_3
Parameters: 0.999993 -0.000384597 -0.00391014 0.000386401 1 0.000357492 0.00390986 -0.000359507 0.999993 0.298437 0.0608725 -1.55096
FixedParameters: 0 0 0

#Transform 132
Transform: AffineTransform_float_3_3
Parameters: 0.999993 -0.000512953 -0.00364472 0.000518048 0.999999 0.00138412 0.00364429 -0.00138588 0.999993 0.208498 -0.22658 -1.76769
FixedParameters: 0 0 0

#Transform 133
Transform: AffineTransform_float_3_3
Parameters: 0.999991 -0.000657458 -0.00401441 0.000665543 0.999998 0.00212735 0.00401259 -0.00212966 0.999989 0.231203 -0.447558 -2.09618
FixedParameters: 0 0 0

#Transform 134
Transform: AffineTransform_float_3_3
Parameters: 0.999991 -0.000548218 -0.00425714 0.00055778 0.999997 0.00206164 0.00425586 -0.00206435 0.999989 0.320691 -0.377009 -2.16006
FixedParameters: 0 0 0

#Transform 135
Transform: AffineTransform_float_3_3
Parameters: 0.999992 -0.000660967 -0.00389486 0.000666031 0.999999 0.00129042 0.00389414 -0.00129358 0.999991 0.210582 -0.197447 -1.86552
FixedParameters: 0 0 0

#Transform 136
Transform: AffineTransform_float_3_3
Parameters: 0.999993 -8.84111e-05 -0.00380509 9.15874e-05 0.999999 0.000942658 0.00380492 -0.000943343 0.999993 0.382671 0.0270584 -1.72534
FixedParameters: 0 0 0

#Transform 137
Transform: AffineTransform_float_3_3
Parameters: 0.999992 -0.000658064 -0.00411628 0.000665937 0.999998 0.00192727 0.00411472 -0.00192972 0.999989 0.256603 -0.378673 -2.07116
FixedParameters: 0 0 0

#Transform 138
Transform: AffineTransform_float_3_3
Parameters: 0.999992 -0.000658314 -0.00398628 0.000665682 0.999998 0.00192636 0.00398472 -0.00192964 0.99999 0.224746 -0.402235 -2.09813
FixedParameters: 0 0 0

#Transform 139
Transform: AffineTransform_float_3_3
Parameters: 0.999993 -0.000661141 -0.00373986 0.000665857 0.999999 0.00129752 0.00373914 -0.00130048 0.999992 0.181862 -0.193289 -1.85727
FixedParameters: 0 0 0

#Transform 140
Transform: AffineTransform_float_3_3
Parameters: 0.999993 -0.000460846 -0.00354441 0.000464155 1 0.000889361 0.00354359 -0.000890639 0.999994 0.205638 -0.096802 -1.70891
FixedParameters: 0 0 0

#Transform 141
Transform: AffineTransform_float_3_3
Parameters: 0.999993 -0.000364573 -0.00371914 0.000366426 1 0.00038264 0.00371986 -0.000384359 0.999993 0.267964 0.0695812 -1.58206
FixedParameters: 0 0 0

#Transform 142
Transform: AffineTransform_float_3_3
Parameters: 0.999992 -0.000365299 -0.00380145 0.000370703 0.999999 0.0012366 0.00380054 -0.0012374 0.999992 0.279734 -0.215495 -1.8412
FixedParameters: 0 0 0

#Transform 143
Transform: AffineTransform_float_3_3
Parameters: 0.999991 -0.000250864 -0.0042743 0.000256135 0.999999 0.00120092 0.0042737 -0.00120208 0.99999 0.409137 -0.16358 -1.97394
FixedParameters: 0 0 0

#Transform 144
Transform: AffineTransform_float_3_3
Parameters: 0.999992 -0.000220615 -0.00415213 0.000222386 1 0.000574082 0.00415188 -0.000574921 0.999991 0.385627 0.0486771 -1.79175
FixedParameters: 0 0 0

#Transform 145
Transform: AffineTransform_float_3_3
Parameters: 0.99999 -0.000431963 -0.0042843 0.000435033 0.999999 0.000707142 0.00428369 -0.000709856 0.99999 0.349223 -0.0412867 -1.81675
FixedParameters: 0 0 0

#Transform 146
Transform: AffineTransform_float_3_3
Parameters: 0.999991 -0.000214254 -0.0042303 0.000220742 0.999999 0.00135708 0.0042297 -0.00135892 0.99999 0.404954 -0.192191 -2.03289
FixedParameters: 0 0 0

#Transform 147
Transform: AffineTransform_float_3_3
Parameters: 0.999991 -0.000253341 -0.00423716 0.000256658 1 0.000626918 0.00423684 -0.000628079 0.999991 0.382172 0.0217193 -1.79002
FixedParameters: 0 0 0

#Transform 148
Transform: AffineTransform_float_3_3
Parameters: 0.999992 -0.000144066 -0.00403814 0.000147932 0.999999 0.00097341 0.00403786 -0.00097459 0.999992 0.384385 -0.0659038 -1.82433
FixedParameters: 0 0 0

#Transform 149
Transform: AffineTransform_float_3_3
Parameters: 0.999992 -0.000255957 -0.00400339 0.000262042 0.999999 0.00150896 0.00400261 -0.00151004 0.999991 0.351215 -0.254695 -1.99888
FixedParameters: 0 0 0

#Transform 150
Transform: AffineTransform_float_3_3
Parameters: 0.999992 -0.000199045 -0.00404509 0.000200957 1 0.000483191 0.0040459 -0.000483809 0.999991 0.359122 0.0479175 -1.71082
FixedParameters: 0 0 0

#Transform 151
Transform: AffineTransform_float_3_3
Parameters: 0.999991 8.41524e-05 -0.00418896 -8.18461e-05 1 0.000514347 0.00418904 -0.000513652 0.999991 0.480957 0.133683 -1.716
FixedParameters: 0 0 0

#Transform 152
Transform: AffineTransform_float_3_3
Parameters: 0.999989 -0.000155235 -0.0045272 0.000160762 0.999999 0.00127229 0.0045278 -0.00127372 0.999989 0.470797 -0.172482 -2.00422
FixedParameters: 0 0 0

#Transform 153
Transform: AffineTransform_float_3_3
Parameters: 0.999992 -0.000432762 -0.00403235 0.000436238 0.999999 0.000802247 0.00403165 -0.000803751 0.999991 0.294135 -0.102166 -1.79306
FixedParameters: 0 0 0

#Transform 154
Transform: AffineTransform_float_3_3
Parameters: 0.999993 -0.000278844 -0.00375909 0.000280156 1 0.000306949 0.00375891 -0.00030805 0.999993 0.294694 0.0897333 -1.57982
FixedParameters: 0 0 0

#Transform 155
Transform: AffineTransform_float_3_3
Parameters: 0.999991 -0.000601453 -0.0041958 0.00060755 0.999999 0.00132146 0.0041952 -0.00132354 0.999991 0.265147 -0.263037 -1.97478
FixedParameters: 0 0 0

#Transform 156
Transform: AffineTransform_float_3_3
Parameters: 0.999991 -0.000385466 -0.00421851 0.000391536 0.999999 0.00131136 0.00421849 -0.00131264 0.99999 0.335864 -0.19811 -1.99893
FixedParameters: 0 0 0

#Transform 157
Transform: AffineTransform_float_3_3
Parameters: 0.99999 -0.000257869 -0.00458712 0.000260135 1 0.000464812 0.00458788 -0.000465188 0.99999 0.442378 0.0762651 -1.85024
FixedParameters: 0 0 0

#Transform 158
Transform: AffineTransform_float_3_3
Parameters: 0.999989 -0.000231761 -0.00472821 0.000236238 0.999999 0.000895893 0.00472779 -0.000897106 0.999989 0.47612 -0.029253 -2.0027
FixedParameters: 0 0 0

#Transform 159
Transform: AffineTransform_float_3_3
Parameters: 0.99999 -0.000325076 -0.00431753 0.000331927 0.999998 0.00160358 0.00431747 -0.00160442 0.99999 0.366003 -0.255154 -2.11215
FixedParameters: 0 0 0

#Transform 160
Transform: AffineTransform_float_3_3
Parameters: 0.999989 -0.000111286 -0.00455509 0.000115711 0.999999 0.000814481 0.00455491 -0.000815515 0.99999 0.476044 0.0216206 -1.93613
FixedParameters: 0 0 0

#Transform 161
Transform: AffineTransform_float_3_3
Parameters: 0.999989 -0.000255206 -0.00471126 0.000259794 1 0.00101679 0.00471174 -0.00101821 0.999989 0.447018 -0.0366088 -2.05265
FixedParameters: 0 0 0

#Transform 162
Transform: AffineTransform_float_3_3
Parameters: 0.999989 -0.000370219 -0.00469954 0.000376781 0.999999 0.00144225 0.00469846 -0.00144376 0.999988 0.416899 -0.232342 -2.15299
FixedParameters: 0 0 0

#Transform 163
Transform: AffineTransform_float_3_3
Parameters: 0.999986 -0.000172209 -0.00529716 0.000176792 0.999999 0.000904075 0.00529784 -0.000904924 0.999985 0.590266 0.00721559 -2.13868
FixedParameters: 0 0 0

#Transform 164
Transform: AffineTransform_float_3_3
Parameters: 0.999989 -0.000284213 -0.00472923 0.000287784 0.999999 0.000799648 0.00472877 -0.000801353 0.999989 0.458542 0.00832394 -1.95549
FixedParameters: 0 0 0

#Transform 165
Transform: AffineTransform_float_3_3
Parameters: 0.999988 -0.00031647 -0.00493156 0.000324531 0.999999 0.00172942 0.00493045 -0.00173058 0.999987 0.483281 -0.282018 -2.3365
FixedParameters: 0 0 0

#Transform 166
Transform: AffineTransform_float_3_3
Parameters: 0.999988 -0.000379018 -0.00499562 0.000386978 0.999998 0.00159609 0.00499539 -0.00159891 0.999986 0.475755 -0.152878 -2.3314
FixedParameters: 0 0 0

#Transform 167
Transform: AffineTransform_float_3_3
Parameters: 0.999988 -0.000243878 -0.00486626 0.000249126 1 0.0010528 0.00486574 -0.0010532 0.999987 0.490343 0.000262542 -2.08768
FixedParameters: 0 0 0

#Transform 168
Transform: AffineTransform_float_3_3
Parameters: 0.999988 -0.000317037 -0.0047506 0.000325961 0.999998 0.00188547 0.00475039 -0.00188753 0.999987 0.446588 -0.286692 -2.29185
FixedParameters: 0 0 0

#Transform 169
Transform: AffineTransform_float_3_3
Parameters: 0.999987 -0.000423809 -0.00493897 0.00043519 0.999998 0.00226488 0.00493803 -0.00226712 0.999985 0.437862 -0.324381 -2.50854
FixedParameters: 0 0 0

#Transform 170
Transform: AffineTransform_float_3_3
Parameters: 0.999987 -0.000176382 -0.0051382 0.000181619 1 0.00109308 0.0051378 -0.00109392 0.999986 0.551476 0.0398834 -2.17672
FixedParameters: 0 0 0

#Transform 171
Transform: AffineTransform_float_3_3
Parameters: 0.999986 -0.000391187 -0.00516791 0.000402818 0.999998 0.00228595 0.00516709 -0.00228705 0.999984 0.483813 -0.350312 -2.52789
FixedParameters: 0 0 0

#Transform 172
Transform: AffineTransform_float_3_3
Parameters: 0.999987 -0.000214905 -0.00508257 0.000228093 0.999996 0.00257587 0.00508143 -0.00257712 0.999984 0.52665 -0.36625 -2.66438
FixedParameters: 0 0 0

#Transform 173
Transform: AffineTransform_float_3_3
Parameters: 0.999987 -3.9928e-05 -0.00520705 4.6076e-05 1 0.00116678 0.00520695 -0.00116622 0.999986 0.614758 0.0699979 -2.27834
FixedParameters: 0 0 0

#Transform 174
Transform: AffineTransform_float_3_3
Parameters: 0.999986 -3.59227e-06 -0.00530302 1.34075e-05 0.999998 0.00177395 0.00530299 -0.00177404 0.999985 0.638847 -0.112027 -2.4395
FixedParameters: 0 0 0

#Transform 175
Transform: AffineTransform_float_3_3
Parameters: 0.999986 1.71949e-06 -0.00525502 1.37193e-05 0.999996 0.00280097 0.00525498 -0.00280103 0.999983 0.629605 -0.378653 -2.75818
FixedParameters: 0 0 0

#Transform 176
Transform: AffineTransform_float_3_3
Parameters: 0.999984 3.6068e-08 -0.00552601 1.30358e-05 0.999997 0.00235896 0.00552598 -0.00235904 0.999982 0.665157 -0.203732 -2.69792
FixedParameters: 0 0 0

#Transform 177
Transform: AffineTransform_float_3_3
Parameters: 0.999985 0.000206292 -0.00546384 -0.000202708 0.999999 0.000786119 0.00546416 -0.000784884 0.999985 0.727107 0.196689 -2.17454
FixedParameters: 0 0 0

#Transform 178
Transform: AffineTransform_float_3_3
Parameters: 0.999986 -4.13723e-06 -0.00540402 1.28625e-05 0.999998 0.00163995 0.00540399 -0.00164005 0.999984 0.646336 -0.0987505 -2.41909
FixedParameters: 0 0 0

#Transform 179
Transform: AffineTransform_float_3_3
Parameters: 0.999985 2.02115e-06 -0.00560901 1.30209e-05 0.999997 0.00267797 0.00560898 -0.00267803 0.99998 0.679455 -0.371852 -2.80987
FixedParameters: 0 0 0

#Transform 180
Transform: AffineTransform_float_3_3
Parameters: 0.999984 1.86634e-06 -0.00569802 1.28661e-05 0.999996 0.00260897 0.00569799 -0.00260903 0.999981 0.686509 -0.254414 -2.83627
FixedParameters: 0 0 0

#Transform 181
Transform: AffineTransform_float_3_3
Parameters: 0.999984 0.00023286 -0.00564868 -0.00022514 0.999999 0.00139229 0.00564832 -0.00139071 0.999983 0.754844 0.0901418 -2.41433
FixedParameters: 0 0 0

#Transform 182
Transform: AffineTransform_float_3_3
Parameters: 0.999986 0.000148373 -0.00531269 -0.000137625 0.999997 0.00214176 0.0053123 -0.00214024 0.999983 0.650753 -0.175039 -2.55892
FixedParameters: 0 0 0

#Transform 183
Transform: AffineTransform_float_3_3
Parameters: 0.999983 3.79295e-06 -0.00593802 1.37927e-05 0.999996 0.00282797 0.00593799 -0.00282803 0.999979 0.725873 -0.349925 -2.94208
FixedParameters: 0 0 0

#Transform 184
Transform: AffineTransform_float_3_3
Parameters: 0.999981 4.32834e-06 -0.00606301 1.33281e-05 0.999996 0.00285797 0.00606298 -0.00285802 0.999977 0.747901 -0.330802 -3.00318
FixedParameters: 0 0 0

#Transform 185
Transform: AffineTransform_float_3_3
Parameters: 0.999982 0.000345989 -0.00596237 -0.000335011 0.999998 0.00184403 0.00596263 -0.00184197 0.99998 0.830255 0.0331973 -2.69346
FixedParameters: 0 0 0

#Transform 186
Transform: AffineTransform_float_3_3
Parameters: 0.999984 0.000359279 -0.00554941 -0.000349721 0.999998 0.00167297 0.00554959 -0.00167103 0.999983 0.754715 0.0448406 -2.53817
FixedParameters: 0 0 0

#Transform 187
Transform: AffineTransform_float_3_3
Parameters: 0.999981 0.000134033 -0.00606573 -0.000120961 0.999997 0.00214977 0.00606627 -0.00214823 0.99998 0.777418 -0.186007 -2.78216
FixedParameters: 0 0 0

#Transform 188
Transform: AffineTransform_float_3_3
Parameters: 0.999982 2.31761e-06 -0.00598101 1.33174e-05 0.999996 0.00256097 0.00598099 -0.00256103 0.999979 0.735459 -0.312691 -2.87105
FixedParameters: 0 0 0

#Transform 189
Transform: AffineTransform_float_3_3
Parameters: 0.999986 0.000206984 -0.00537952 -0.000194015 0.999997 0.00241408 0.00538048 -0.00241292 0.999982 0.6914 -0.218842 -2.70451
FixedParameters: 0 0 0

#Transform 190
Transform: AffineTransform_float_3_3
Parameters: 0.999984 0.000113707 -0.00566785 -0.000105295 0.999999 0.00135962 0.00566815 -0.00135938 0.999983 0.71361 0.0532032 -2.5022
