#Insight Transform File V1.0
#Transform 0
Transform: AffineTransform_float_3_3
Parameters: 0.999999 -0.000967098 0.000124241 0.000966902 0.999999 0.00078512 -0.000124759 -0.00078488 0.999999 -0.250652 -0.332582 -0.202442
FixedParameters: 0 0 0

#Transform 1
Transform: AffineTransform_float_3_3
Parameters: 0.999998 -0.00143601 0.000664982 0.00143599 0.999999 1.29549e-05 -0.000665018 -1.2045e-05 1 -0.464232 -0.254607 0.0890206
FixedParameters: 0 0 0

#Transform 2
Transform: AffineTransform_float_3_3
Parameters: 1 -0.00105714 0.000301524 0.00105687 1 0.000450319 -0.000301477 -0.000450682 1 -0.308494 -0.293038 -0.0972338
FixedParameters: 0 0 0

#Transform 3
Transform: AffineTransform_float_3_3
Parameters: 1 -0.00107197 0.000241144 0.00107203 1 -0.000133742 -0.000240856 0.000134258 1 -0.315434 -0.178308 0.0343219
FixedParameters: 0 0 0

#Transform 4
Transform: AffineTransform_float_3_3
Parameters: 1 -0.00109214 0.000380589 0.00109186 1 0.000376416 -0.00038041 -0.000375585 1 -0.34776 -0.242024 -0.09715
FixedParameters: 0 0 0

#Transform 5
Transform: AffineTransform_float_3_3
Parameters: 0.999999 -0.000968033 0.000240865 0.000967966 0.999999 0.000139233 -0.000241134 -0.000138767 1 -0.294383 -0.25936 -0.0507267
FixedParameters: 0 0 0

#Transform 6
Transform: AffineTransform_float_3_3
Parameters: 0.999999 -0.000838014 0.00024095 0.000837985 0.999999 6.02019e-05 -0.00024105 -5.9798e-05 1 -0.259768 -0.144735 -0.0159217
FixedParameters: 0 0 0

#Transform 7
Transform: AffineTransform_float_3_3
Parameters: 1 -0.000702004 -2.48849e-05 0.000701996 0.999999 -0.000164017 2.51151e-05 0.000163982 1 -0.186609 -0.160745 0.00979303
FixedParameters: 0 0 0

#Transform 8
Transform: AffineTransform_float_3_3
Parameters: 1 -0.000561007 5.09231e-05 0.000560993 1 0.000137029 -5.10768e-05 -0.000136971 1 -0.156461 -0.0718623 -0.0652421
FixedParameters: 0 0 0

#Transform 9
Transform: AffineTransform_float_3_3
Parameters: 1 -0.000561002 8.59865e-05 0.000560998 1 2.40482e-05 -8.60134e-05 -2.39517e-05 1 -0.150512 -0.198722 -0.0294523
FixedParameters: 0 0 0

#Transform 10
Transform: AffineTransform_float_3_3
Parameters: 1 -0.000560981 0.000171062 0.000561019 1 -0.000109904 -0.000170938 0.000110096 1 -0.177898 -0.0374379 0.0126681
FixedParameters: 0 0 0

#Transform 11
Transform: AffineTransform_float_3_3
Parameters: 1 -0.000560928 0.000241167 0.000561071 1 -0.000296865 -0.000240833 0.000297135 1 -0.182408 -0.136835 0.125654
FixedParameters: 0 0 0

#Transform 12
Transform: AffineTransform_float_3_3
Parameters: 1 -0.000560964 0.000102199 0.000561036 1 -0.000354943 -0.000101801 0.000355057 1 -0.174527 -0.0153656 0.105781
FixedParameters: 0 0 0

#Transform 13
Transform: AffineTransform_float_3_3
Parameters: 1 -0.000560943 0.000306104 0.000561057 1 -0.000185828 -0.000305896 0.000186172 1 -0.196227 -0.14353 0.103545
FixedParameters: 0 0 0

#Transform 14
Transform: AffineTransform_float_3_3
Parameters: 1 -0.000508 3.04826e-06 0.000508 1 -9.49985e-05 -2.95174e-06 9.50015e-05 1 -0.143363 -0.0340482 0.00795436
FixedParameters: 0 0 0

#Transform 15
Transform: AffineTransform_float_3_3
Parameters: 1 -0.000560948 0.000205142 0.000561052 1 -0.000253885 -0.000204857 0.000254115 1 -0.190458 -0.123701 0.104824
FixedParameters: 0 0 0

#Transform 16
Transform: AffineTransform_float_3_3
Parameters: 1 -0.000354 3.04177e-06 0.000354 1 -0.000117999 -2.95823e-06 0.000118001 1 -0.0955033 -0.00304954 0.00671872
FixedParameters: 0 0 0

#Transform 17
Transform: AffineTransform_float_3_3
Parameters: 1 -0.000222999 3.06712e-06 0.000223001 1 -0.000300999 -2.93288e-06 0.000301001 1 -0.0566029 -0.0453734 0.062605
FixedParameters: 0 0 0

#Transform 18
Transform: AffineTransform_float_3_3
Parameters: 1 -0.000262989 0.000222013 0.000263011 1 -4.79416e-05 -0.000221987 4.80584e-05 1 -0.095037 -0.0276999 0.0240288
FixedParameters: 0 0 0

#Transform 19
Transform: AffineTransform_float_3_3
Parameters: 1 -0.000560932 0.000245155 0.000561067 1 -0.000275862 -0.000244845 0.000276137 1 -0.19653 -0.0923715 0.106075
FixedParameters: 0 0 0

#Transform 20
Transform: AffineTransform_float_3_3
Parameters: 1 -0.000115961 0.000141032 0.000116039 1 -0.000275984 -0.000140968 0.000276016 1 -0.0455115 0.0175842 0.105374
FixedParameters: 0 0 0

#Transform 21
Transform: AffineTransform_float_3_3
Parameters: 1 -0.000116907 0.000141077 0.000117093 1 -0.000656983 -0.000140923 0.000657016 1 -0.0456083 0.0453323 0.217669
FixedParameters: 0 0 0

#Transform 22
Transform: AffineTransform_float_3_3
Parameters: 1 -0.000180004 0.000140995 0.000179996 1 3.00254e-05 -0.000141005 -2.99746e-05 1 -0.0561913 -0.0584349 0.00363192
FixedParameters: 0 0 0

#Transform 23
Transform: AffineTransform_float_3_3
Parameters: 1 -0.000139961 0.000141039 0.000140039 1 -0.00027598 -0.000140961 0.00027602 1 -0.0424025 -0.00984282 0.0741414
FixedParameters: 0 0 0

#Transform 24
Transform: AffineTransform_float_3_3
Parameters: 1 -0.000181025 0.000263983 0.000180975 1 9.50478e-05 -0.000264017 -9.49522e-05 1 -0.0767882 -0.0796303 0.0149442
FixedParameters: 0 0 0

#Transform 25
Transform: AffineTransform_float_3_3
Parameters: 1 -0.000180817 0.000242136 0.000180182 0.999999 -0.000753956 -0.000241864 0.000754043 0.999999 -0.0787739 0.0750968 0.267644
FixedParameters: 0 0 0

#Transform 26
Transform: AffineTransform_float_3_3
Parameters: 1 -0.000180995 -2.90328e-05 0.000181005 1 0.000180995 2.89672e-05 -0.000181005 1 -0.0376574 -0.107032 -0.0500532
FixedParameters: 0 0 0

#Transform 27
Transform: AffineTransform_float_3_3
Parameters: 1 -0.000350919 0.000141201 0.000351081 1 -0.00057295 -0.000140799 0.000573049 1 -0.12345 0.0545391 0.182545
FixedParameters: 0 0 0

#Transform 28
Transform: AffineTransform_float_3_3
Parameters: 1 -0.000181002 2.69859e-05 0.000180998 1 7.80049e-05 -2.70141e-05 -7.79951e-05 1 -0.0552759 -0.120433 -0.0147679
FixedParameters: 0 0 0

#Transform 29
Transform: AffineTransform_float_3_3
Parameters: 1 -0.000180871 0.000141165 0.000180128 0.999999 -0.000910974 -0.000140836 0.000911025 0.999999 -0.0704767 0.148296 0.28295
FixedParameters: 0 0 0

#Transform 30
Transform: AffineTransform_float_3_3
Parameters: 1 -0.000180979 0.000141026 0.000180021 1 -0.000145975 -0.000140974 0.000146026 1 -0.0829313 -0.110108 0.0742879
FixedParameters: 0 0 0

#Transform 31
Transform: AffineTransform_float_3_3
Parameters: 1 -0.000180832 0.000141215 0.000180168 1 -0.00118998 -0.000140786 0.00119003 1 -0.0832373 0.16901 0.383072
FixedParameters: 0 0 0

#Transform 32
Transform: AffineTransform_float_3_3
Parameters: 1 6.4014e-05 5.2983e-05 -6.3986e-05 1 -0.000265003 -5.3017e-05 0.000264997 1 0.00516266 -0.0337473 0.101009
FixedParameters: 0 0 0

#Transform 33
Transform: AffineTransform_float_3_3
Parameters: 1 -0.000180918 0.000141105 0.000180082 1 -0.000580974 -0.000140895 0.000581025 1 -0.0937683 0.106693 0.182448
FixedParameters: 0 0 0

#Transform 34
Transform: AffineTransform_float_3_3
Parameters: 1 -0.000180994 0.000141007 0.000181006 1 -4.09745e-05 -0.000140993 4.10255e-05 1 -0.0867371 -0.111318 0.0246756
FixedParameters: 0 0 0

#Transform 35
Transform: AffineTransform_float_3_3
Parameters: 1 -0.00018077 0.000449092 0.00018023 1 -0.000511919 -0.000448908 0.000512081 1 -0.12689 0.108676 0.202026
FixedParameters: 0 0 0

#Transform 36
Transform: AffineTransform_float_3_3
Parameters: 1 -1.27147e-05 0.000515007 1.32853e-05 1 -0.000553993 -0.000514993 0.000554006 0.999999 -0.0700915 0.00692408 0.265329
FixedParameters: 0 0 0

#Transform 37
Transform: AffineTransform_float_3_3
Parameters: 1 -0.000180702 0.000391138 0.000180298 0.999999 -0.000762929 -0.000390863 0.00076207 0.999999 -0.112683 0.127746 0.315132
FixedParameters: 0 0 0

#Transform 38
Transform: AffineTransform_float_3_3
Parameters: 1 -0.000180867 0.000167144 0.000180133 0.999999 -0.000795969 -0.000166857 0.00079603 0.999999 -0.0833935 0.00777916 0.280651
FixedParameters: 0 0 0

#Transform 39
Transform: AffineTransform_float_3_3
Parameters: 1 -8.96916e-05 0.000167166 8.93082e-05 0.999999 -0.00184599 -0.000166835 0.00184602 0.999999 -0.0774127 0.359168 0.606953
FixedParameters: 0 0 0

#Transform 40
Transform: AffineTransform_float_3_3
Parameters: 1 -0.000180959 0.000167045 0.000180041 1 -0.00024597 -0.000166956 0.00024603 1 -0.0866302 -0.122588 0.111084
FixedParameters: 0 0 0

#Transform 41
Transform: AffineTransform_float_3_3
Parameters: 1 -0.000180422 0.000408256 0.000180578 0.999999 -0.00141593 -0.000407745 0.00141607 0.999999 -0.114924 0.183153 0.490673
FixedParameters: 0 0 0

#Transform 42
Transform: AffineTransform_float_3_3
Parameters: 1 -0.000180938 0.000167067 0.000180062 1 -0.00036997 -0.000166933 0.00037003 1 -0.0911768 -0.0345461 0.130871
FixedParameters: 0 0 0

#Transform 43
Transform: AffineTransform_float_3_3
Parameters: 1 -0.000180638 0.000351186 0.000180362 0.999999 -0.00102994 -0.000351815 0.00103006 1 -0.121283 0.0909058 0.372554
FixedParameters: 0 0 0

#Transform 44
Transform: AffineTransform_float_3_3
Parameters: 1 -0.000180919 0.000167088 0.000180081 1 -0.00048697 -0.000166912 0.00048703 1 -0.0918433 0.0296207 0.167266
FixedParameters: 0 0 0

#Transform 45
Transform: AffineTransform_float_3_3
Parameters: 1 5.11829e-05 0.000166944 -5.08171e-05 1 -0.00109501 -0.000167056 0.00109499 1 -0.0191858 0.127602 0.356614
FixedParameters: 0 0 0

#Transform 46
Transform: AffineTransform_float_3_3
Parameters: 1 -0.00018084 0.000167173 0.000180159 0.999999 -0.000954969 -0.000166828 0.000955029 0.999999 -0.0906473 0.11893 0.300248
FixedParameters: 0 0 0

#Transform 47
Transform: AffineTransform_float_3_3
Parameters: 1 -0.00018061 0.000379186 0.000180391 1 -0.00102993 -0.000379815 0.00103007 1 -0.123746 0.0527502 0.377997
FixedParameters: 0 0 0

#Transform 48
Transform: AffineTransform_float_3_3
Parameters: 1 -0.000180875 0.000155146 0.000180125 0.999999 -0.000805972 -0.000154855 0.000806027 0.999999 -0.0999618 0.09834 0.264448
FixedParameters: 0 0 0

#Transform 49
Transform: AffineTransform_float_3_3
Parameters: 1 -0.000180635 0.000584113 0.000180365 1 -0.000624894 -0.000583887 0.000625105 0.999999 -0.156652 0.00173368 0.276913
FixedParameters: 0 0 0

#Transform 50
Transform: AffineTransform_float_3_3
Parameters: 1 -0.000181023 0.000664994 0.000180977 1 3.41203e-05 -0.000665006 -3.38796e-05 1 -0.177388 -0.00633317 0.0566349
FixedParameters: 0 0 0

#Transform 51
Transform: AffineTransform_float_3_3
Parameters: 1 -0.000180279 0.000602216 0.00018072 1 -0.00119689 -0.000601784 0.00119711 0.999999 -0.14765 0.0510775 0.465916
FixedParameters: 0 0 0

#Transform 52
Transform: AffineTransform_float_3_3
Parameters: 1 -0.000180512 0.000596148 0.000180487 0.999999 -0.000817893 -0.000595853 0.000818108 1 -0.149678 0.109689 0.360368
FixedParameters: 0 0 0

#Transform 53
Transform: AffineTransform_float_3_3
Parameters: 1 -0.000606854 0.000162547 0.000607146 1 -0.000900901 -0.000161453 0.000901098 0.999999 -0.205687 -0.037356 0.308019
FixedParameters: 0 0 0

#Transform 54
Transform: AffineTransform_float_3_3
Parameters: 1 -0.00029087 0.000162233 0.00029113 0.999999 -0.000800952 -0.000161767 0.000801047 0.999999 -0.131816 0.0554259 0.2866
FixedParameters: 0 0 0

#Transform 55
Transform: AffineTransform_float_3_3
Parameters: 1 -0.000129779 0.000162177 0.000129221 0.999999 -0.00136398 -0.000161824 0.00136402 0.999999 -0.0856987 0.120528 0.462669
FixedParameters: 0 0 0

#Transform 56
Transform: AffineTransform_float_3_3
Parameters: 1 -0.000260882 0.00016219 0.000261118 0.999999 -0.000726957 -0.00016181 0.000727042 0.999999 -0.127125 0.0337683 0.264653
FixedParameters: 0 0 0

#Transform 57
Transform: AffineTransform_float_3_3
Parameters: 1 -0.000233655 0.000330244 0.000233344 1 -0.00104392 -0.000329757 0.00104408 1 -0.136471 0.0401809 0.39541
FixedParameters: 0 0 0

#Transform 58
Transform: AffineTransform_float_3_3
Parameters: 1 -9.67336e-05 0.000608042 9.62662e-05 1 -0.000437941 -0.000607958 0.000438059 0.999999 -0.131695 0.0369144 0.259603
FixedParameters: 0 0 0

#Transform 59
Transform: AffineTransform_float_3_3
Parameters: 1 -0.000119735 0.000325098 0.000120265 0.999999 -0.00081496 -0.000324902 0.000815038 0.999999 -0.0990825 0.00531168 0.331373
FixedParameters: 0 0 0

#Transform 60
Transform: AffineTransform_float_3_3
Parameters: 1 -2.63519e-05 0.000608028 2.76481e-05 1 -0.00106598 -0.000607971 0.00106602 0.999999 -0.116358 0.154208 0.456353
FixedParameters: 0 0 0

#Transform 61
Transform: AffineTransform_float_3_3
Parameters: 1 -0.000263074 0.000154874 0.000262926 1 0.000477041 -0.000155125 -0.000476959 1 -0.122343 -0.348895 -0.0488982
FixedParameters: 0 0 0

#Transform 62
Transform: AffineTransform_float_3_3
Parameters: 1 9.8069e-05 0.000103935 -9.79309e-05 1 -0.00066401 -0.000104065 0.00066399 1 -0.0084098 0.0355088 0.372394
FixedParameters: 0 0 0

#Transform 63
Transform: AffineTransform_float_3_3
Parameters: 1 -2.26722e-05 0.000540014 2.33284e-05 1 -0.000606987 -0.000540986 0.000607012 0.999999 -0.115848 0.0522442 0.358595
FixedParameters: 0 0 0

#Transform 64
Transform: AffineTransform_float_3_3
Parameters: 1 0.00024309 0.000123824 -0.00024291 0.999999 -0.00072503 -0.000124176 0.000724969 0.999999 0.021092 0.0157265 0.322682
FixedParameters: 0 0 0

#Transform 65
Transform: AffineTransform_float_3_3
Parameters: 1 0.000219251 0.000593907 -0.000219749 1 -0.00042313 -0.000594093 0.00042287 0.999999 -0.0455781 0.0621846 0.311536
FixedParameters: 0 0 0

#Transform 66
Transform: AffineTransform_float_3_3
Parameters: 1 8.5145e-05 0.000258952 -8.48549e-05 1 -0.000560022 -0.000259047 0.000559978 1 -0.0428406 -0.0319592 0.305002
FixedParameters: 0 0 0

#Transform 67
Transform: AffineTransform_float_3_3
Parameters: 1 -2.71597e-05 0.000657035 2.78416e-05 0.999999 -0.00127898 -0.000657965 0.00127902 0.999999 -0.133971 0.165963 0.59063
FixedParameters: 0 0 0

#Transform 68
Transform: AffineTransform_float_3_3
Parameters: 1 0.000188174 0.00029789 -0.000188826 1 -0.000583056 -0.00029811 0.000582944 1 -0.0158341 -0.0474211 0.303129
FixedParameters: 0 0 0

#Transform 69
Transform: AffineTransform_float_3_3
Parameters: 1 4.00367e-05 0.000656937 -3.89632e-05 0.999999 -0.00157802 -0.000657062 0.00157797 0.999998 -0.109837 0.271534 0.665387
FixedParameters: 0 0 0

#Transform 70
Transform: AffineTransform_float_3_3
Parameters: 1 0.000184516 0.000656855 -0.000184483 0.999999 -0.000786121 -0.000657145 0.000785879 1 -0.0649094 -0.0257791 0.466367
FixedParameters: 0 0 0

#Transform 71
Transform: AffineTransform_float_3_3
Parameters: 1 2.70866e-05 0.000656956 -2.69133e-05 0.999998 -0.00165402 -0.000657046 0.00165398 0.999999 -0.114501 0.204004 0.694198
FixedParameters: 0 0 0

#Transform 72
Transform: AffineTransform_float_3_3
Parameters: 1 0.000139553 0.000656883 -0.000138447 0.999999 -0.000842091 -0.000657117 0.000841909 1 -0.0821371 0.0517317 0.46223
FixedParameters: 0 0 0

#Transform 73
Transform: AffineTransform_float_3_3
Parameters: 1 0.000158966 0.000656767 -0.000158033 0.999999 -0.0014711 -0.000657233 0.0014709 0.999998 -0.080626 0.133284 0.658609
FixedParameters: 0 0 0

#Transform 74
Transform: AffineTransform_float_3_3
Parameters: 1 0.000108001 0.000656836 -0.000106999 0.999999 -0.00152407 -0.000657163 0.00152393 0.999998 -0.0985892 0.222726 0.660439
FixedParameters: 0 0 0

#Transform 75
Transform: AffineTransform_float_3_3
Parameters: 1 7.49282e-05 0.000656894 -7.40716e-05 0.999999 -0.00141305 -0.000657105 0.00141295 0.999999 -0.102575 0.0542794 0.659929
FixedParameters: 0 0 0

#Transform 76
Transform: AffineTransform_float_3_3
Parameters: 0.999999 -9.49566e-06 0.00076402 1.05043e-05 0.999998 -0.00196899 -0.00076398 0.00196901 0.999998 -0.149516 0.284053 0.836361
FixedParameters: 0 0 0

#Transform 77
Transform: AffineTransform_float_3_3
Parameters: 1 0.000155904 0.000656786 -0.000155096 0.999999 -0.0013761 -0.000657214 0.0013759 0.999999 -0.0729186 0.062247 0.672292
FixedParameters: 0 0 0

#Transform 78
Transform: AffineTransform_float_3_3
Parameters: 0.999999 -0.000117414 0.000827226 0.000118585 0.999998 -0.0019169 -0.000826774 0.0019171 0.999998 -0.184955 0.251628 0.823336
FixedParameters: 0 0 0

#Transform 79
Transform: AffineTransform_float_3_3
Parameters: 1 0.000111889 0.000656849 -0.000111111 0.999999 -0.00135307 -0.000657151 0.00135293 0.999999 -0.0904607 0.0599409 0.665345
FixedParameters: 0 0 0

#Transform 80
Transform: AffineTransform_float_3_3
Parameters: 1 5.64206e-05 0.00107288 -5.45792e-05 0.999998 -0.00225606 -0.00107313 0.00225594 0.999997 -0.159869 0.310161 0.982244
FixedParameters: 0 0 0

#Transform 81
Transform: AffineTransform_float_3_3
Parameters: 1 7.60799e-05 0.000656876 -7.49197e-05 0.999998 -0.00164405 -0.000657124 0.00164395 0.999999 -0.0948109 0.106794 0.738219
FixedParameters: 0 0 0

#Transform 82
Transform: AffineTransform_float_3_3
Parameters: 1 4.54886e-05 0.000656899 -4.35111e-05 0.999998 -0.00226603 -0.0006571 0.00226597 0.999997 -0.111497 0.256488 0.91269
FixedParameters: 0 0 0

#Transform 83
Transform: AffineTransform_float_3_3
Parameters: 0.999999 4.1202e-05 0.000794938 -3.97979e-05 0.999999 -0.00151203 -0.00079506 0.00151197 0.999998 -0.126898 0.133242 0.704686
FixedParameters: 0 0 0

#Transform 84
Transform: AffineTransform_float_3_3
Parameters: 1 -6.08768e-05 0.000993133 6.31229e-05 0.999997 -0.00213794 -0.000992868 0.00213806 0.999997 -0.184556 0.20094 0.943911
FixedParameters: 0 0 0

#Transform 85
Transform: AffineTransform_float_3_3
Parameters: 1 0.000153715 0.000656833 -0.000153285 1 -0.0010881 -0.000657167 0.0010879 0.999999 -0.0730906 0.0972 0.561958
FixedParameters: 0 0 0

#Transform 86
Transform: AffineTransform_float_3_3
Parameters: 1 0.000121603 0.000656705 -0.000119397 0.999997 -0.00244008 -0.000657293 0.00243992 0.999997 -0.0804219 0.289339 0.968716
FixedParameters: 0 0 0

#Transform 87
Transform: AffineTransform_float_3_3
Parameters: 0.999999 0.000183296 0.000792702 -0.000181704 0.999998 -0.00163414 -0.000793298 0.00163486 0.999999 -0.0844088 0.166163 0.766328
FixedParameters: 0 0 0

#Transform 88
Transform: AffineTransform_float_3_3
Parameters: 0.999999 0.000114782 0.00078074 -0.000113217 0.999998 -0.00228209 -0.00078126 0.00228191 0.999997 -0.100966 0.240964 0.957141
FixedParameters: 0 0 0

#Transform 89
Transform: AffineTransform_float_3_3
Parameters: 1 2.28987e-05 0.000484958 -2.21013e-05 0.999999 -0.00185301 -0.000485042 0.00185299 0.999998 -0.0905483 0.166192 0.796141
FixedParameters: 0 0 0

#Transform 90
Transform: AffineTransform_float_3_3
Parameters: 0.999999 0.000152028 0.000837634 -0.000149971 0.999997 -0.00242113 -0.000838365 0.00242087 0.999996 -0.0922557 0.305662 1.03764
FixedParameters: 0 0 0

#Transform 91
Transform: AffineTransform_float_3_3
Parameters: 1 0.000370111 0.000584297 -0.000368889 0.999998 -0.00190122 -0.000584702 0.00190078 0.999998 0.0051305 0.249651 0.833089
FixedParameters: 0 0 0

#Transform 92
Transform: AffineTransform_float_3_3
Parameters: 1 2.37817e-07 0.000669003 2.23781e-06 0.999995 -0.003345 -0.000668996 0.003345 0.999994 -0.129113 0.422547 1.27721
FixedParameters: 0 0 0

#Transform 93
Transform: AffineTransform_float_3_3
Parameters: 0.999999 0.000106327 0.00090773 -0.000104672 0.999996 -0.0025631 -0.000908271 0.0025629 0.999997 -0.131537 0.300839 1.08167
FixedParameters: 0 0 0

#Transform 94
Transform: AffineTransform_float_3_3
Parameters: 0.999999 1.61366e-05 0.00092795 -1.38666e-05 0.999995 -0.00338001 -0.000927052 0.00337999 0.999994 -0.158156 0.391241 1.34243
FixedParameters: 0 0 0

#Transform 95
Transform: AffineTransform_float_3_3
Parameters: 0.999999 0.000247131 0.00069024 -0.000245869 0.999995 -0.00308617 -0.000690762 0.00308583 0.999995 -0.0484385 0.427365 1.2163
FixedParameters: 0 0 0

#Transform 96
Transform: AffineTransform_float_3_3
Parameters: 0.999999 0.000299753 0.000817996 -0.000297247 0.999995 -0.00336325 -0.000819004 0.00336376 0.999994 -0.047251 0.425298 1.31318
FixedParameters: 0 0 0

#Transform 97
Transform: AffineTransform_float_3_3
Parameters: 0.999999 0.00028911 0.000718154 -0.00028689 0.999995 -0.00293721 -0.000718846 0.00293679 0.999996 -0.0469525 0.43552 1.16819
FixedParameters: 0 0 0

#Transform 98
Transform: AffineTransform_float_3_3
Parameters: 1 0.000203969 0.000603337 -0.000202032 0.999994 -0.00326212 -0.000603662 0.00326187 0.999994 -0.0558486 0.368392 1.25939
FixedParameters: 0 0 0

#Transform 99
Transform: AffineTransform_float_3_3
Parameters: 0.999999 0.000199749 0.000949426 -0.000197252 0.999996 -0.00289519 -0.000949575 0.00289481 0.999996 -0.113182 0.416759 1.20662
FixedParameters: 0 0 0

#Transform 100
Transform: AffineTransform_float_3_3
Parameters: 0.999999 0.00025905 0.000713258 -0.00025695 0.999996 -0.00287318 -0.000713741 0.00287281 0.999995 -0.0646807 0.316634 1.16771
FixedParameters: 0 0 0

#Transform 101
Transform: AffineTransform_float_3_3
Parameters: 0.999999 0.000210042 0.000716404 -0.000207958 0.999996 -0.00285015 -0.000716595 0.00284985 0.999995 -0.0841432 0.388412 1.14752
FixedParameters: 0 0 0

#Transform 102
Transform: AffineTransform_float_3_3
Parameters: 0.999999 0.000345877 0.000966975 -0.000343122 0.999995 -0.00297433 -0.000968024 0.00297367 0.999995 -0.0750706 0.353007 1.25609
FixedParameters: 0 0 0

#Transform 103
Transform: AffineTransform_float_3_3
Parameters: 0.999999 0.000495226 0.000825669 -0.000492774 0.999997 -0.00269341 -0.00082733 0.00269359 0.999996 0.000180687 0.407024 1.14455
FixedParameters: 0 0 0

#Transform 104
Transform: AffineTransform_float_3_3
Parameters: 0.999999 0.000249626 0.000739118 -0.000247374 0.999993 -0.00355118 -0.000739883 0.00355082 0.999994 -0.0748383 0.438457 1.41924
FixedParameters: 0 0 0

#Transform 105
Transform: AffineTransform_float_3_3
Parameters: 1 0.000662201 0.000829248 -0.0006598 0.999997 -0.00265155 -0.000830752 0.00265045 0.999996 0.0415968 0.44172 1.12656
FixedParameters: 0 0 0

#Transform 106
Transform: AffineTransform_float_3_3
Parameters: 1 0.000920375 0.00073102 -0.000917626 0.999995 -0.00324268 -0.000733979 0.00324133 0.999995 0.12849 0.522256 1.30441
FixedParameters: 0 0 0

#Transform 107
Transform: AffineTransform_float_3_3
Parameters: 0.999999 0.00065475 0.000593074 -0.000652251 0.999996 -0.00294539 -0.000594924 0.00294561 0.999996 0.0708267 0.479904 1.18364
FixedParameters: 0 0 0

#Transform 108
Transform: AffineTransform_float_3_3
Parameters: 0.999999 0.00071767 0.000473476 -0.000716326 0.999993 -0.00352034 -0.000476524 0.00351966 0.999993 0.09475 0.533289 1.35779
FixedParameters: 0 0 0

#Transform 109
Transform: AffineTransform_float_3_3
Parameters: 0.999999 0.00113202 0.000673624 -0.00112999 0.999995 -0.00298576 -0.000676377 0.00298524 0.999996 0.201693 0.584376 1.24446
FixedParameters: 0 0 0

#Transform 110
Transform: AffineTransform_float_3_3
Parameters: 1 0.00108231 0.0004035 -0.00108069 0.999994 -0.00323644 -0.0004065 0.00323656 0.999994 0.216471 0.566465 1.26946
FixedParameters: 0 0 0

#Transform 111
Transform: AffineTransform_float_3_3
Parameters: 1 0.000887953 0.000646326 -0.000886045 0.999995 -0.00301558 -0.000649675 0.00301443 0.999995 0.129762 0.532995 1.23004
FixedParameters: 0 0 0

#Transform 112
Transform: AffineTransform_float_3_3
Parameters: 1 0.000971278 0.000657648 -0.000968724 0.999993 -0.00345564 -0.000660352 0.00345536 0.999994 0.152154 0.546455 1.38953
FixedParameters: 0 0 0

#Transform 113
Transform: AffineTransform_float_3_3
Parameters: 0.999999 0.000942256 0.000359726 -0.000940742 0.999993 -0.00347734 -0.000363274 0.00347766 0.999994 0.178216 0.652231 1.31418
FixedParameters: 0 0 0

#Transform 114
Transform: AffineTransform_float_3_3
Parameters: 0.999999 0.00128104 0.000657045 -0.00127896 0.999995 -0.00308984 -0.000660955 0.00308916 0.999995 0.2574 0.545599 1.27687
FixedParameters: 0 0 0

#Transform 115
Transform: AffineTransform_float_3_3
Parameters: 1 0.000990145 0.000657785 -0.000987859 0.999994 -0.00325165 -0.000660216 0.00325135 0.999995 0.148361 0.638942 1.29244
FixedParameters: 0 0 0

#Transform 116
Transform: AffineTransform_float_3_3
Parameters: 1 0.00112482 0.000246277 -0.00112418 0.999994 -0.00331128 -0.000249724 0.00331172 0.999994 0.245744 0.556068 1.28433
FixedParameters: 0 0 0

#Transform 117
Transform: AffineTransform_float_3_3
Parameters: 0.999999 0.0009059 0.000246716 -0.000905098 0.999993 -0.00362723 -0.000250284 0.00362678 0.999994 0.166046 0.679633 1.32985
FixedParameters: 0 0 0

#Transform 118
Transform: AffineTransform_float_3_3
Parameters: 0.999999 0.00156092 0.000244195 -0.00156008 0.999992 -0.00372039 -0.000249806 0.00372061 0.999993 0.384126 0.673061 1.44011
FixedParameters: 0 0 0

#Transform 119
Transform: AffineTransform_float_3_3
Parameters: 0.999999 0.000906115 0.000245928 -0.000904885 0.99999 -0.00449623 -0.000250071 0.00449578 0.99999 0.162062 0.803252 1.63277
FixedParameters: 0 0 0

#Transform 120
Transform: AffineTransform_float_3_3
Parameters: 0.999999 0.00156005 0.000243359 -0.00155895 0.999989 -0.00425838 -0.000249641 0.00425861 0.999991 0.375448 0.762241 1.61471
FixedParameters: 0 0 0

#Transform 121
Transform: AffineTransform_float_3_3
Parameters: 1 0.00106669 -0.00024187 -0.00106832 0.999985 -0.00549975 0.000236128 0.00550026 0.999985 0.265846 0.959946 1.89723
FixedParameters: 0 0 0

#Transform 122
Transform: AffineTransform_float_3_3
Parameters: 0.999999 0.00128214 2.83447e-05 -0.00128186 0.99999 -0.00441104 -3.36546e-05 0.00441096 0.999991 0.29042 0.766477 1.61285
FixedParameters: 0 0 0

#Transform 123
Transform: AffineTransform_float_3_3
Parameters: 0.999999 0.00132808 -0.000175117 -0.00132992 0.999985 -0.00535677 0.000167878 0.00535722 0.999985 0.331947 0.962496 1.85441
FixedParameters: 0 0 0

#Transform 124
Transform: AffineTransform_float_3_3
Parameters: 0.999999 0.00132899 -0.000240671 -0.00133002 0.99999 -0.00426568 0.000235328 0.00426632 0.999991 0.340884 0.801662 1.50574
FixedParameters: 0 0 0

#Transform 125
Transform: AffineTransform_float_3_3
Parameters: 0.999998 0.00166989 -0.000242731 -0.00167111 0.999988 -0.0046276 0.00023527 0.0046274 0.99999 0.443244 0.825278 1.62873
FixedParameters: 0 0 0

#Transform 126
Transform: AffineTransform_float_3_3
Parameters: 0.999999 0.00178498 -0.000485488 -0.00178702 0.999989 -0.00419214 0.000478512 0.00419286 0.999991 0.496067 0.941722 1.41792
FixedParameters: 0 0 0

#Transform 127
Transform: AffineTransform_float_3_3
Parameters: 0.999997 0.00215548 -0.000455255 -0.00215652 0.999992 -0.00336403 0.000447747 0.00336497 0.999994 0.600768 0.691295 1.18964
FixedParameters: 0 0 0

#Transform 128
Transform: AffineTransform_float_3_3
Parameters: 0.999997 0.0021551 -0.000460951 -0.00215689 0.999989 -0.00415102 0.000452049 0.00415199 0.999992 0.601868 0.996834 1.39678
FixedParameters: 0 0 0

#Transform 129
Transform: AffineTransform_float_3_3
Parameters: 0.999997 0.00215613 -0.000242856 -0.00215687 0.999991 -0.00364249 0.000235144 0.00364352 0.999994 0.57274 0.747998 1.28275
FixedParameters: 0 0 0

#Transform 130
Transform: AffineTransform_float_3_3
Parameters: 0.999996 0.00282344 -0.000594479 -0.00282556 0.999993 -0.00264733 0.000586521 0.00264867 0.999997 0.823215 0.746747 0.951722
FixedParameters: 0 0 0

#Transform 131
Transform: AffineTransform_float_3_3
Parameters: 0.999996 0.002963 -0.000802158 -0.002966 0.999989 -0.00376264 0.000791844 0.00376436 0.999992 0.892931 1.07773 1.21365
FixedParameters: 0 0 0

#Transform 132
Transform: AffineTransform_float_3_3
Parameters: 0.999995 0.00333086 -0.000423113 -0.00333214 0.99999 -0.00273461 0.000413886 0.00273639 0.999996 0.93852 0.885987 0.954903
FixedParameters: 0 0 0

#Transform 133
Transform: AffineTransform_float_3_3
Parameters: 0.999994 0.00338101 -0.000606212 -0.00338299 0.999989 -0.00331397 0.000595789 0.00331603 0.999995 0.982609 1.01117 1.08384
FixedParameters: 0 0 0

#Transform 134
Transform: AffineTransform_float_3_3
Parameters: 0.999995 0.00314641 -0.000214778 -0.00314659 0.999991 -0.00278934 0.000205224 0.00278966 0.999996 0.871498 0.882459 1.00723
FixedParameters: 0 0 0

#Transform 135
Transform: AffineTransform_float_3_3
Parameters: 0.999994 0.00337744 -0.000549689 -0.00337956 0.99999 -0.00286716 0.00054031 0.00286884 0.999995 0.990894 0.938058 0.971011
FixedParameters: 0 0 0

#Transform 136
Transform: AffineTransform_float_3_3
Parameters: 0.999995 0.00332618 -0.000341158 -0.00332683 0.999992 -0.00245188 0.000333842 0.00245313 0.999997 0.950987 0.916958 0.877094
FixedParameters: 0 0 0

#Transform 137
Transform: AffineTransform_float_3_3
Parameters: 0.999993 0.00352216 -0.000685518 -0.00352384 0.99999 -0.0027006 0.00067548 0.0027034 0.999996 1.05784 0.915059 0.908776
FixedParameters: 0 0 0

#Transform 138
Transform: AffineTransform_float_3_3
Parameters: 0.999995 0.00333765 -0.000540386 -0.00333935 0.999992 -0.00251121 0.000531614 0.00251279 0.999996 0.981179 0.954406 0.856585
FixedParameters: 0 0 0

#Transform 139
Transform: AffineTransform_float_3_3
Parameters: 0.999994 0.00340262 -0.000629501 -0.00340438 0.999992 -0.00220287 0.000621498 0.00220513 0.999998 1.00975 0.789075 0.767106
FixedParameters: 0 0 0

#Transform 140
Transform: AffineTransform_float_3_3
Parameters: 0.999994 0.00339956 -0.000615011 -0.00340144 0.999992 -0.00235492 0.000606988 0.00235708 0.999997 1.01052 0.969031 0.786762
FixedParameters: 0 0 0

#Transform 141
Transform: AffineTransform_float_3_3
Parameters: 0.999994 0.00360955 -0.000615567 -0.00361145 0.99999 -0.00237179 0.000607432 0.00237421 0.999997 1.07567 0.857921 0.826168
FixedParameters: 0 0 0

#Transform 142
Transform: AffineTransform_float_3_3
Parameters: 0.999994 0.00344265 -0.000560357 -0.00344335 0.999991 -0.00242609 0.000551645 0.00242791 0.999997 1.0094 0.974688 0.82571
FixedParameters: 0 0 0

#Transform 143
Transform: AffineTransform_float_3_3
Parameters: 0.999993 0.00353264 -0.000614865 -0.00353436 0.999992 -0.00222484 0.000607134 0.00222716 0.999998 1.04367 0.828524 0.793358
FixedParameters: 0 0 0

#Transform 144
Transform: AffineTransform_float_3_3
Parameters: 0.999993 0.00358681 -0.000464252 -0.00358718 0.99999 -0.00257835 0.00045475 0.00257965 0.999996 1.03249 1.0483 0.895053
FixedParameters: 0 0 0

#Transform 145
Transform: AffineTransform_float_3_3
Parameters: 0.999993 0.0034958 -0.000599041 -0.0034972 0.999992 -0.00201292 0.000591957 0.00201508 0.999998 1.03787 0.816747 0.725688
FixedParameters: 0 0 0

#Transform 146
Transform: AffineTransform_float_3_3
Parameters: 0.999994 0.00344361 -0.000600011 -0.00344539 0.999992 -0.00232495 0.000591988 0.00232705 0.999997 1.0158 0.983097 0.789406
FixedParameters: 0 0 0

#Transform 147
Transform: AffineTransform_float_3_3
Parameters: 0.999994 0.00344326 -0.000769814 -0.00344574 0.999992 -0.00226736 0.000762186 0.00226964 0.999997 1.04428 0.838598 0.773062
FixedParameters: 0 0 0

#Transform 148
Transform: AffineTransform_float_3_3
Parameters: 0.999994 0.00344436 -0.000237447 -0.00344564 0.999991 -0.0027422 0.000227552 0.0027428 0.999996 0.974182 1.05591 0.987238
FixedParameters: 0 0 0

#Transform 149
Transform: AffineTransform_float_3_3
Parameters: 0.999993 0.00353653 -0.000600705 -0.00353847 0.99999 -0.00245989 0.000592293 0.00246211 0.999997 1.05079 0.860672 0.86824
FixedParameters: 0 0 0

#Transform 150
Transform: AffineTransform_float_3_3
Parameters: 0.999994 0.00344358 -0.00050181 -0.00344541 0.99999 -0.00284729 0.00049119 0.00284871 0.999996 1.00558 1.06018 0.973041
FixedParameters: 0 0 0

#Transform 151
Transform: AffineTransform_float_3_3
Parameters: 0.999994 0.00344367 -0.000599653 -0.00344532 0.999991 -0.00222095 0.000591346 0.00222305 0.999998 1.02171 0.834014 0.792762
FixedParameters: 0 0 0

#Transform 152
Transform: AffineTransform_float_3_3
Parameters: 0.999994 0.00344339 -0.000601272 -0.00344561 0.999991 -0.00269095 0.000591727 0.00269306 0.999996 1.00078 1.05988 0.890623
FixedParameters: 0 0 0

#Transform 153
Transform: AffineTransform_float_3_3
Parameters: 0.999994 0.00360482 -0.000518286 -0.00360618 0.999991 -0.00229715 0.000509715 0.00229885 0.999997 1.04491 0.863902 0.817639
FixedParameters: 0 0 0

#Transform 154
Transform: AffineTransform_float_3_3
Parameters: 0.999994 0.00344375 -0.000431096 -0.00344525 0.99999 -0.00293053 0.000420901 0.00293247 0.999995 0.978095 1.05808 0.995183
FixedParameters: 0 0 0

#Transform 155
Transform: AffineTransform_float_3_3
Parameters: 0.999992 0.00378247 -0.000601669 -0.00378452 0.999989 -0.00255474 0.000592328 0.00255726 0.999996 1.10604 0.933179 0.880297
FixedParameters: 0 0 0

#Transform 156
Transform: AffineTransform_float_3_3
Parameters: 0.999994 0.00361091 -0.000604656 -0.0036121 0.999988 -0.00350284 0.000591347 0.00350516 0.999993 1.05325 1.15478 1.15134
FixedParameters: 0 0 0

#Transform 157
Transform: AffineTransform_float_3_3
Parameters: 0.999994 0.00344405 -0.000406141 -0.00344495 0.999992 -0.00236262 0.000397862 0.00236339 0.999997 0.974471 0.874208 0.87502
FixedParameters: 0 0 0

#Transform 158
Transform: AffineTransform_float_3_3
Parameters: 0.999994 0.00344486 -4.63784e-05 -0.00344514 0.999988 -0.00330286 3.56206e-05 0.00330314 0.999994 0.927114 1.08581 1.19433
FixedParameters: 0 0 0

#Transform 159
Transform: AffineTransform_float_3_3
Parameters: 0.999994 0.00344403 -0.000352622 -0.00344497 0.99999 -0.0027928 0.000343381 0.0027932 0.999996 0.975299 0.933265 1.01396
FixedParameters: 0 0 0

#Transform 160
Transform: AffineTransform_float_3_3
Parameters: 0.999994 0.00362556 -0.000402205 -0.00362744 0.999987 -0.00364057 0.000389793 0.00364244 0.999994 1.03512 1.17988 1.24731
FixedParameters: 0 0 0

#Transform 161
Transform: AffineTransform_float_3_3
Parameters: 0.999993 0.00372458 -0.00046359 -0.00372643 0.999988 -0.0031103 0.00045241 0.00311171 0.999995 1.06977 1.05677 1.09135
FixedParameters: 0 0 0

#Transform 162
Transform: AffineTransform_float_3_3
Parameters: 0.999993 0.00367395 -0.000604594 -0.00367605 0.999988 -0.0034258 0.000591405 0.0034282 0.999994 1.06016 1.11493 1.1497
FixedParameters: 0 0 0

#Transform 163
Transform: AffineTransform_float_3_3
Parameters: 0.999993 0.00371911 -0.00060377 -0.00372089 0.999988 -0.00316278 0.000592229 0.00316522 0.999995 1.08675 1.07356 1.08983
FixedParameters: 0 0 0

#Transform 164
Transform: AffineTransform_float_3_3
Parameters: 0.999993 0.00384074 -0.000606503 -0.00384326 0.999986 -0.0037737 0.000591495 0.0037763 0.999992 1.12122 1.19334 1.29028
FixedParameters: 0 0 0

#Transform 165
Transform: AffineTransform_float_3_3
Parameters: 0.999993 0.00371015 -0.000603511 -0.00371185 0.999989 -0.00310078 0.000591488 0.00310322 0.999995 1.08392 1.07882 1.0788
FixedParameters: 0 0 0

#Transform 166
Transform: AffineTransform_float_3_3
Parameters: 0.999993 0.0038388 -0.000606142 -0.00384021 0.999986 -0.0036817 0.000591864 0.0036833 0.999993 1.1071 1.18055 1.24952
FixedParameters: 0 0 0

#Transform 167
Transform: AffineTransform_float_3_3
Parameters: 0.999994 0.00360324 -0.000602647 -0.00360476 0.999989 -0.00295285 0.000591358 0.00295415 0.999996 1.05033 1.0135 1.04107
FixedParameters: 0 0 0

#Transform 168
Transform: AffineTransform_float_3_3
Parameters: 0.999993 0.00356753 -0.000939293 -0.00357148 0.999986 -0.00372267 0.000926704 0.00372633 0.999992 1.08424 1.13346 1.22256
FixedParameters: 0 0 0

#Transform 169
Transform: AffineTransform_float_3_3
Parameters: 0.999993 0.00352816 -0.000602883 -0.00352984 0.999989 -0.00308289 0.000592116 0.00308511 0.999995 1.02701 1.0195 1.10544
FixedParameters: 0 0 0

#Transform 170
Transform: AffineTransform_float_3_3
Parameters: 0.999993 0.00363116 -0.000717551 -0.00363384 0.999986 -0.00400442 0.000702447 0.00400758 0.999991 1.08003 1.18287 1.37117
FixedParameters: 0 0 0

#Transform 171
Transform: AffineTransform_float_3_3
Parameters: 0.999992 0.00382025 -0.000554147 -0.00382274 0.999987 -0.0031779 0.00054185 0.00318009 0.999995 1.11182 1.11038 1.1215
FixedParameters: 0 0 0

#Transform 172
Transform: AffineTransform_float_3_3
Parameters: 0.999993 0.00368476 -0.000605818 -0.00368725 0.999986 -0.00374779 0.000592184 0.00374921 0.999993 1.0762 1.12428 1.29362
FixedParameters: 0 0 0

#Transform 173
Transform: AffineTransform_float_3_3
Parameters: 0.999993 0.0036722 -0.000603045 -0.0036738 0.999988 -0.00300581 0.000591955 0.00300819 0.999996 1.07961 1.11088 1.03561
FixedParameters: 0 0 0

#Transform 174
Transform: AffineTransform_float_3_3
Parameters: 0.999992 0.00393556 -0.000414935 -0.00393645 0.999986 -0.00353939 0.000401064 0.0035416 0.999993 1.12903 1.14505 1.24924
FixedParameters: 0 0 0

#Transform 175
Transform: AffineTransform_float_3_3
Parameters: 0.999992 0.00381799 -0.000317412 -0.00381901 0.999988 -0.00324981 0.000304587 0.00325119 0.999994 1.07969 1.17394 1.15588
FixedParameters: 0 0 0

#Transform 176
Transform: AffineTransform_float_3_3
Parameters: 0.999993 0.00372176 -0.000403633 -0.00372324 0.999988 -0.00312452 0.000391368 0.00312548 0.999995 1.0607 1.02589 1.11438
FixedParameters: 0 0 0

#Transform 177
Transform: AffineTransform_float_3_3
Parameters: 0.999994 0.00359817 -0.000284751 -0.00359983 0.999989 -0.002987 0.000273247 0.002988 0.999996 1.00664 1.07936 1.09014
FixedParameters: 0 0 0

#Transform 178
Transform: AffineTransform_float_3_3
Parameters: 0.999993 0.00370671 -0.00060616 -0.00370929 0.999986 -0.00381778 0.000591838 0.00382022 0.999992 1.08298 1.11164 1.36844
FixedParameters: 0 0 0

#Transform 179
Transform: AffineTransform_float_3_3
Parameters: 0.999994 0.00344461 -0.000101113 -0.00344539 0.999985 -0.00409667 8.78843e-05 0.00409732 0.999991 0.947915 1.23127 1.48758
FixedParameters: 0 0 0

#Transform 180
Transform: AffineTransform_float_3_3
Parameters: 0.999994 0.00351325 -0.000195846 -0.00351474 0.999986 -0.00394034 0.000182149 0.00394167 0.999992 0.968011 1.09674 1.46607
FixedParameters: 0 0 0

#Transform 181
Transform: AffineTransform_float_3_3
Parameters: 0.999994 0.0034451 1.40423e-05 -0.0034449 0.999984 -0.00463208 -2.9957e-05 0.00463193 0.99999 0.919242 1.30065 1.65683
FixedParameters: 0 0 0

#Transform 182
Transform: AffineTransform_float_3_3
Parameters: 0.999993 0.00356059 0.000152715 -0.00356041 0.999986 -0.00373157 -0.000165288 0.00373143 0.999993 0.936403 1.07207 1.45537
FixedParameters: 0 0 0

#Transform 183
Transform: AffineTransform_float_3_3
Parameters: 0.999994 0.00344513 1.9515e-05 -0.00344487 0.999982 -0.00478509 -3.5484e-05 0.0047849 0.999988 0.918531 1.32191 1.73639
FixedParameters: 0 0 0

#Transform 184
Transform: AffineTransform_float_3_3
Parameters: 0.999994 0.00362236 8.38475e-05 -0.00362165 0.999986 -0.00390733 -9.81537e-05 0.00390767 0.999993 0.96484 1.15181 1.52179
FixedParameters: 0 0 0

#Transform 185
Transform: AffineTransform_float_3_3
Parameters: 0.999994 0.00362842 6.49026e-05 -0.00362759 0.999978 -0.00553927 -8.50941e-05 0.00553873 0.999984 0.961485 1.38875 2.0507
FixedParameters: 0 0 0

#Transform 186
Transform: AffineTransform_float_3_3
Parameters: 0.999994 0.00359192 0.000190345 -0.00359108 0.999983 -0.00463771 -0.000206653 0.00463629 0.999989 0.934288 1.31238 1.72808
FixedParameters: 0 0 0

#Transform 187
Transform: AffineTransform_float_3_3
Parameters: 0.999993 0.00385184 -0.000607381 -0.00385516 0.999978 -0.0052877 0.000587618 0.0052903 0.999986 1.12849 1.36331 1.85796
FixedParameters: 0 0 0

#Transform 188
Transform: AffineTransform_float_3_3
Parameters: 0.999993 0.00358123 -0.000318567 -0.00358377 0.999977 -0.0057409 0.000298428 0.00574211 0.999984 1.0026 1.49671 2.0224
FixedParameters: 0 0 0

#Transform 189
Transform: AffineTransform_float_3_3
Parameters: 0.999993 0.00376933 -0.000326878 -0.00377067 0.999979 -0.00527181 0.000307127 0.0052722 0.999986 1.06196 1.33061 1.88923
FixedParameters: 0 0 0

#Transform 190
Transform: AffineTransform_float_3_3
Parameters: 0.999993 0.00359112 -0.000168846 -0.00359188 0.999979 -0.00552543 0.000149156 0.00552557 0.999984 0.982534 1.45428 1.95843
FixedParameters: 0 0 0

#Transform 191
Transform: AffineTransform_float_3_3
Parameters: 0.99999 0.00423517 -0.000912472 -0.00424083 0.99997 -0.0064802 0.000885526 0.00648482 0.999979 1.26362 1.55572 2.33105
FixedParameters: 0 0 0

#Transform 192
Transform: AffineTransform_float_3_3
Parameters: 0.999991 0.00408343 -0.00040665 -0.00408657 0.999971 -0.00652339 0.000380344 0.00652561 0.999978 1.15564 1.68014 2.30411
FixedParameters: 0 0 0

#Transform 193
Transform: AffineTransform_float_3_3
