#Insight Transform File V1.0
#Transform 0
Transform: AffineTransform_float_3_3
Parameters: 0.999999 -3.23057e-07 0.000930999 -3.23057e-07 1 0.000347 -0.000930999 -0.000347 0.999999 -0.238062 -0.00437173 0.0155432
FixedParameters: 0 0 0

#Transform 1
Transform: AffineTransform_float_3_3
Parameters: 1 -5.12325e-07 0.000575 4.87674e-07 0.999999 0.000891 -0.000575001 -0.000891 1 -0.170447 -0.203292 -0.173972
FixedParameters: 0 0 0

#Transform 2
Transform: AffineTransform_float_3_3
Parameters: 1 -1.43175e-07 0.000575 -1.43175e-07 1 0.000249 -0.000575 -0.000249 1 -0.170347 -0.0283974 -0.00969258
FixedParameters: 0 0 0

#Transform 3
Transform: AffineTransform_float_3_3
Parameters: 1 -5.50095e-05 0.00118905 5.59904e-05 0.999999 -0.000832934 -0.00118895 0.000833066 0.999999 -0.303701 0.26241 0.43584
FixedParameters: 0 0 0

#Transform 4
Transform: AffineTransform_float_3_3
Parameters: 1 -0.000135489 0.00113906 0.000136512 1 -0.000449845 -0.00113894 0.000449155 1 -0.294947 0.121041 0.358884
FixedParameters: 0 0 0

#Transform 5
Transform: AffineTransform_float_3_3
Parameters: 0.999999 -0.000182405 0.000934921 0.000181595 1 0.00043317 -0.000935079 -0.00043283 1 -0.264204 -0.147434 0.0424299
FixedParameters: 0 0 0

#Transform 6
Transform: AffineTransform_float_3_3
Parameters: 1 -0.000404738 0.000514206 0.000404262 1 -0.000509792 -0.000513794 0.000510208 0.999999 -0.241971 0.0519146 0.246568
FixedParameters: 0 0 0

#Transform 7
Transform: AffineTransform_float_3_3
Parameters: 0.999999 -0.000404572 0.000637271 0.000404427 0.999999 -0.000670742 -0.000636728 0.000671257 0.999999 -0.258399 0.129841 0.339395
FixedParameters: 0 0 0

#Transform 8
Transform: AffineTransform_float_3_3
Parameters: 0.999999 -0.000405066 0.00093497 0.000404933 1 7.13786e-05 -0.000935028 -7.06213e-05 0.999999 -0.315079 -0.100523 0.182345
FixedParameters: 0 0 0

#Transform 9
Transform: AffineTransform_float_3_3
Parameters: 1 -0.000404622 0.000421363 0.000404378 0.999999 -0.000896829 -0.000421637 0.00089717 0.999999 -0.226789 0.183773 0.328728
FixedParameters: 0 0 0

#Transform 10
Transform: AffineTransform_float_3_3
Parameters: 1 -0.000220008 0.000357995 0.000219992 1 2.30788e-05 -0.000358005 -2.29212e-05 1 -0.159147 -0.0199472 0.0644208
FixedParameters: 0 0 0

#Transform 11
Transform: AffineTransform_float_3_3
Parameters: 1 -0.000404697 0.00053323 0.000404302 1 -0.000567784 -0.00053277 0.000568215 0.999999 -0.244041 0.091061 0.237642
FixedParameters: 0 0 0

#Transform 12
Transform: AffineTransform_float_3_3
Parameters: 0.999999 -0.000404745 0.000631163 0.000404255 1 -0.000403745 -0.000630836 0.000404255 0.999999 -0.262674 0.0712014 0.265571
FixedParameters: 0 0 0

#Transform 13
Transform: AffineTransform_float_3_3
Parameters: 1 -0.00040503 0.000523977 0.00040497 1 5.72122e-05 -0.000524023 -5.67878e-05 1 -0.245242 -0.0806707 0.0667663
FixedParameters: 0 0 0

#Transform 14
Transform: AffineTransform_float_3_3
Parameters: 1 -0.000404712 0.000274425 0.000404288 1 -0.00104989 -0.000273576 0.00105011 1 -0.194653 0.25022 0.329775
FixedParameters: 0 0 0

#Transform 15
Transform: AffineTransform_float_3_3
Parameters: 1 -0.000404774 0.000461198 0.000404226 1 -0.000489813 -0.000460802 0.000490186 1 -0.216748 0.0925342 0.232649
FixedParameters: 0 0 0

#Transform 16
Transform: AffineTransform_float_3_3
Parameters: 1 -0.000405044 0.000100823 0.000404956 1 0.000436041 -0.000101177 -0.000435959 1 -0.148273 -0.183371 -0.129799
FixedParameters: 0 0 0

#Transform 17
Transform: AffineTransform_float_3_3
Parameters: 1 -0.000405039 -0.000108854 0.000404961 1 -0.000361044 0.000109146 0.000360956 1 -0.0914766 0.0182531 0.0946621
FixedParameters: 0 0 0

#Transform 18
Transform: AffineTransform_float_3_3
Parameters: 1 -0.000106693 0.000317104 0.000106307 1 -0.000968967 -0.000316897 0.000969035 1 -0.0862484 0.280436 0.350208
FixedParameters: 0 0 0

#Transform 19
Transform: AffineTransform_float_3_3
Parameters: 1 -0.000167975 0.000258016 0.000168025 1 -9.79566e-05 -0.000257984 9.80433e-05 1 -0.089995 0.00450315 0.100942
FixedParameters: 0 0 0

#Transform 20
Transform: AffineTransform_float_3_3
Parameters: 1 1.5044e-05 -0.000108994 -1.4956e-05 1 0.000404002 0.000109006 -0.000403998 1 0.0349224 -0.0857105 -0.147719
FixedParameters: 0 0 0

#Transform 21
Transform: AffineTransform_float_3_3
Parameters: 1 -0.00020163 0.00032523 0.000202369 1 -0.00113693 -0.00032477 0.00113707 1 -0.139298 0.265392 0.385663
FixedParameters: 0 0 0

#Transform 22
Transform: AffineTransform_float_3_3
Parameters: 1 -1.1967e-05 5.30075e-05 1.2033e-05 1 -0.000622999 -5.29925e-05 0.000623 1 -0.0206845 0.208365 0.219526
FixedParameters: 0 0 0

#Transform 23
Transform: AffineTransform_float_3_3
Parameters: 1 0.000247013 -0.000108972 -0.000246987 1 0.000115027 0.000109028 -0.000114973 1 0.0900124 0.010335 -0.0442388
FixedParameters: 0 0 0

#Transform 24
Transform: AffineTransform_float_3_3
Parameters: 1 6.16832e-06 0.000165994 -5.83168e-06 1 -0.001014 -0.000166006 0.001014 1 -0.0362035 0.257069 0.333039
FixedParameters: 0 0 0

#Transform 25
Transform: AffineTransform_float_3_3
Parameters: 1 6.38126e-06 0.000375994 -5.61873e-06 1 -0.001014 -0.000376006 0.001014 1 -0.0831647 0.27843 0.388285
FixedParameters: 0 0 0

#Transform 26
Transform: AffineTransform_float_3_3
Parameters: 1 0.000243997 3.2019e-05 -0.000244002 1 7.79922e-05 -3.1981e-05 -7.80078e-05 1 0.056765 -0.00488301 0.00849185
FixedParameters: 0 0 0

#Transform 27
Transform: AffineTransform_float_3_3
Parameters: 1 0.000130393 0.000398872 -0.000129607 0.999999 -0.000985052 -0.000399128 0.000984948 1 -0.0430881 0.277489 0.363349
FixedParameters: 0 0 0

#Transform 28
Transform: AffineTransform_float_3_3
Parameters: 1 0.000352927 -0.000359072 -0.000353073 1 -0.000204873 0.000358928 0.000204127 1 0.16815 0.165101 0.0263848
FixedParameters: 0 0 0

#Transform 29
Transform: AffineTransform_float_3_3
Parameters: 1 0.000287015 4.08964e-05 -0.000286985 1 -0.000361012 -4.11039e-05 0.000361988 1 0.0654813 0.0869926 0.149635
FixedParameters: 0 0 0

#Transform 30
Transform: AffineTransform_float_3_3
Parameters: 1 0.000178851 -0.000109244 -0.000178149 0.999999 -0.00136598 0.000108757 0.00136602 0.999999 0.0662369 0.410574 0.387676
FixedParameters: 0 0 0

#Transform 31
Transform: AffineTransform_float_3_3
Parameters: 1 0.000186865 -0.000171147 -0.000187134 0.999999 -0.000786967 0.000170853 0.000787031 0.999999 0.0805002 0.194281 0.204056
FixedParameters: 0 0 0

#Transform 32
Transform: AffineTransform_float_3_3
Parameters: 1 0.000513908 -0.00010943 -0.000513091 0.999999 -0.000835943 0.000108571 0.000836055 0.999999 0.145255 0.236648 0.17926
FixedParameters: 0 0 0

#Transform 33
Transform: AffineTransform_float_3_3
Parameters: 0.999999 0.000968781 -0.000110922 -0.000969217 0.999997 -0.00198389 0.000109077 0.00198411 0.999998 0.267236 0.639054 0.511723
FixedParameters: 0 0 0

#Transform 34
Transform: AffineTransform_float_3_3
Parameters: 1 0.00052276 -0.000110148 -0.00052324 0.999998 -0.00219494 0.000108852 0.00219506 0.999997 0.139942 0.625291 0.580784
FixedParameters: 0 0 0

#Transform 35
Transform: AffineTransform_float_3_3
Parameters: 0.999999 0.000774564 -0.000368916 -0.000775434 0.999999 -0.00118171 0.000367084 0.00118229 0.999999 0.26087 0.406726 0.291305
FixedParameters: 0 0 0

#Transform 36
Transform: AffineTransform_float_3_3
Parameters: 0.999999 0.000950619 -0.000228587 -0.000950381 0.999998 -0.00166878 0.000227414 0.00166922 0.999998 0.291557 0.587453 0.429968
FixedParameters: 0 0 0

#Transform 37
Transform: AffineTransform_float_3_3
Parameters: 1 0.00106361 -0.000299388 -0.00106339 0.999998 -0.00130468 0.000297613 0.00130532 0.999999 0.344797 0.550998 0.353528
FixedParameters: 0 0 0

#Transform 38
Transform: AffineTransform_float_3_3
Parameters: 1 0.00104432 -0.000608164 -0.00104468 0.999999 -0.00111337 0.000606837 0.00111463 0.999999 0.405688 0.445157 0.23574
FixedParameters: 0 0 0

#Transform 39
Transform: AffineTransform_float_3_3
Parameters: 0.999999 0.000791199 -0.000498274 -0.000792801 0.999999 -0.00160961 0.000496724 0.0016104 0.999999 0.318821 0.586755 0.432239
FixedParameters: 0 0 0

#Transform 40
Transform: AffineTransform_float_3_3
Parameters: 1 0.00104444 -0.000607964 -0.00104456 0.999999 -0.000922366 0.000607037 0.000922635 1 0.421817 0.373614 0.203069
FixedParameters: 0 0 0

#Transform 41
Transform: AffineTransform_float_3_3
Parameters: 1 0.00104401 -0.000608696 -0.00104499 0.999998 -0.00162336 0.000607304 0.00162363 0.999998 0.421928 0.614988 0.42652
FixedParameters: 0 0 0

#Transform 42
Transform: AffineTransform_float_3_3
Parameters: 1 0.00104467 -0.000386888 -0.00104533 0.999999 -0.000849596 0.000386111 0.000850404 0.999999 0.372279 0.387923 0.283542
FixedParameters: 0 0 0

#Transform 43
Transform: AffineTransform_float_3_3
Parameters: 1 0.00104481 -0.000133541 -0.0010452 0.999999 -0.00147486 0.000132458 0.00147514 0.999999 0.334063 0.554303 0.469188
FixedParameters: 0 0 0

#Transform 44
Transform: AffineTransform_float_3_3
Parameters: 1 0.00110096 -4.1156e-05 -0.00110104 0.999999 -0.00104996 3.98439e-05 0.00105004 1 0.327662 0.484375 0.380585
FixedParameters: 0 0 0

#Transform 45
Transform: AffineTransform_float_3_3
Parameters: 1 0.00104437 -0.000442484 -0.00104463 0.999998 -0.00142054 0.000441516 0.00142146 0.999999 0.390297 0.492827 0.425012
FixedParameters: 0 0 0

#Transform 46
Transform: AffineTransform_float_3_3
Parameters: 0.999999 0.00104388 -0.000778497 -0.00104512 0.999998 -0.00143319 0.000777502 0.00143481 0.999998 0.454198 0.567196 0.399504
FixedParameters: 0 0 0

#Transform 47
Transform: AffineTransform_float_3_3
Parameters: 1 0.00104435 -0.000608117 -0.00104465 0.999999 -0.00106837 0.000606885 0.00106863 0.999999 0.421783 0.393541 0.309865
FixedParameters: 0 0 0

#Transform 48
Transform: AffineTransform_float_3_3
Parameters: 1 0.00104384 -0.000608993 -0.00104516 0.999997 -0.00190736 0.000607008 0.00190763 0.999998 0.421958 0.700324 0.543247
FixedParameters: 0 0 0

#Transform 49
Transform: AffineTransform_float_3_3
Parameters: 1 0.00104442 -0.000607995 -0.00104458 0.999999 -0.000951366 0.000607006 0.000952635 1 0.446377 0.442619 0.244736
FixedParameters: 0 0 0

#Transform 50
Transform: AffineTransform_float_3_3
Parameters: 1 0.0010447 -0.00060752 -0.0010453 1 -0.000497365 0.000607479 0.000498635 0.999999 0.446292 0.277521 0.108038
FixedParameters: 0 0 0

#Transform 51
Transform: AffineTransform_float_3_3
Parameters: 1 0.00104417 -0.000608433 -0.00104483 0.999998 -0.00137136 0.000607567 0.00137263 0.999999 0.465199 0.546001 0.351557
FixedParameters: 0 0 0

#Transform 52
Transform: AffineTransform_float_3_3
Parameters: 0.999999 0.00119552 -0.000425361 -0.00119648 0.999998 -0.00113749 0.000423639 0.00113851 1 0.475913 0.531047 0.367878
FixedParameters: 0 0 0

#Transform 53
Transform: AffineTransform_float_3_3
Parameters: 1 0.00104469 -0.000607526 -0.00104531 1 -0.000503365 0.000607474 0.000503635 0.999999 0.455044 0.310548 0.0978847
FixedParameters: 0 0 0

#Transform 54
Transform: AffineTransform_float_3_3
Parameters: 1 0.001044 -0.000536941 -0.001045 0.999997 -0.00185744 0.000535059 0.00185856 0.999998 0.45155 0.672359 0.520118
FixedParameters: 0 0 0

#Transform 55
Transform: AffineTransform_float_3_3
Parameters: 0.999999 0.00104428 -0.000926818 -0.00104473 0.999999 -0.000782033 0.000926183 0.000782968 1 0.525808 0.380673 0.138214
FixedParameters: 0 0 0

#Transform 56
Transform: AffineTransform_float_3_3
Parameters: 0.999999 0.00104417 -0.000693253 -0.00104483 0.999998 -0.00119928 0.000691748 0.00119972 0.999999 0.48129 0.473051 0.285913
FixedParameters: 0 0 0

#Transform 57
Transform: AffineTransform_float_3_3
Parameters: 0.999999 0.00109598 -0.000608845 -0.00109702 0.999998 -0.00168233 0.000607156 0.00168267 0.999999 0.462576 0.63502 0.469326
FixedParameters: 0 0 0

#Transform 58
Transform: AffineTransform_float_3_3
Parameters: 0.999999 0.000962355 -0.00102361 -0.000962646 1 -0.000630016 0.00102339 0.000630986 1 0.517502 0.308319 0.0549822
FixedParameters: 0 0 0

#Transform 59
Transform: AffineTransform_float_3_3
Parameters: 1 0.000682776 -0.000123248 -0.000683223 0.999998 -0.00182692 0.000121753 0.00182608 0.999999 0.239863 0.602388 0.506923
FixedParameters: 0 0 0

#Transform 60
Transform: AffineTransform_float_3_3
Parameters: 0.999999 0.00096585 0.000867166 -0.000966149 0.999999 0.000172162 -0.000866833 -0.000172837 0.999999 0.154354 0.190599 -0.00430882
FixedParameters: 0 0 0

#Transform 61
Transform: AffineTransform_float_3_3
Parameters: 0.999999 0.000955836 0.00086718 -0.000956163 0.999999 0.000188171 -0.00086682 -0.000188829 0.999999 0.138748 0.120224 0.0407696
FixedParameters: 0 0 0

#Transform 62
Transform: AffineTransform_float_3_3
Parameters: 0.999999 0.00101148 0.000866442 -0.00101052 1 -0.000552876 -0.000866559 0.000552124 1 0.143671 0.378317 0.315115
FixedParameters: 0 0 0

#Transform 63
Transform: AffineTransform_float_3_3
Parameters: 0.999999 0.00106587 0.000867156 -0.00106613 1 0.000146076 -0.000866844 -0.000146924 0.999999 0.155628 0.174836 0.118039
FixedParameters: 0 0 0

#Transform 64
Transform: AffineTransform_float_3_3
Parameters: 0.999999 0.00110332 0.0006955 -0.00110268 1 -0.000453767 -0.000696499 0.000452232 0.999999 0.195947 0.422677 0.216181
FixedParameters: 0 0 0

#Transform 65
Transform: AffineTransform_float_3_3
Parameters: 0.999999 0.00115878 0.000576447 -0.00115922 1 0.000385332 -0.000576552 -0.000386668 1 0.240731 0.14892 -0.0220782
FixedParameters: 0 0 0

#Transform 66
Transform: AffineTransform_float_3_3
Parameters: 0.999999 0.00135011 0.00041863 -0.00134989 0.999999 -0.000274565 -0.000419369 0.000273434 1 0.324483 0.437598 0.0690368
FixedParameters: 0 0 0

#Transform 67
Transform: AffineTransform_float_3_3
Parameters: 0.999999 0.001436 1.2565e-06 -0.001436 0.999998 0.000874998 -7.43497e-07 -0.000875001 0.999999 0.43284 0.144686 -0.302126
FixedParameters: 0 0 0

#Transform 68
Transform: AffineTransform_float_3_3
Parameters: 0.999999 0.00142911 0.000199211 -0.00142889 0.999999 -0.000552285 -0.000199789 0.000551715 1 0.390046 0.500536 0.111811
FixedParameters: 0 0 0

#Transform 69
Transform: AffineTransform_float_3_3
Parameters: 0.999999 0.00150299 1.06854e-05 -0.001503 0.999999 0.000455984 -1.03146e-05 -0.000456016 1 0.456907 0.234678 -0.181299
FixedParameters: 0 0 0

#Transform 70
Transform: AffineTransform_float_3_3
Parameters: 0.999999 0.00152225 0.000317812 -0.00152175 0.999998 -0.000780484 -0.000319187 0.000779514 0.999999 0.401371 0.53411 0.22194
FixedParameters: 0 0 0

#Transform 71
Transform: AffineTransform_float_3_3
Parameters: 0.999999 0.00154797 0.000319131 -0.00154803 0.999999 8.45061e-05 -0.000319868 -8.54952e-05 1 0.411787 0.346649 0.00588674
FixedParameters: 0 0 0

#Transform 72
Transform: AffineTransform_float_3_3
Parameters: 0.999999 0.00150611 0.000318483 -0.00150689 0.999999 -0.00034348 -0.000319516 0.000342519 1 0.399326 0.43975 0.080198
FixedParameters: 0 0 0

#Transform 73
Transform: AffineTransform_float_3_3
Parameters: 0.999998 0.00161001 0.000318966 -0.00160999 0.999998 -2.15136e-05 -0.000319035 2.14864e-05 1 0.417154 0.409102 0.000666682
FixedParameters: 0 0 0

#Transform 74
Transform: AffineTransform_float_3_3
Parameters: 0.999998 0.00163695 0.000319268 -0.00163705 0.999998 0.000163478 -0.000319731 -0.000164524 1 0.424288 0.329534 -0.0404729
FixedParameters: 0 0 0

#Transform 75
Transform: AffineTransform_float_3_3
Parameters: 0.999999 0.001457 0.000319007 -0.001457 0.999999 4.53521e-06 -0.000318992 -5.46478e-06 1 0.370444 0.410593 -0.00108737
FixedParameters: 0 0 0

#Transform 76
Transform: AffineTransform_float_3_3
Parameters: 0.999999 0.00172295 0.000266294 -0.00172305 0.999998 0.000170541 -0.000265705 -0.000171458 1 0.456694 0.336908 -0.0555815
FixedParameters: 0 0 0

#Transform 77
Transform: AffineTransform_float_3_3
Parameters: 0.999999 0.00145702 3.5031e-05 -0.00145698 0.999998 -0.000665051 -3.59688e-05 0.000664948 1 0.422088 0.524518 0.16288
FixedParameters: 0 0 0

#Transform 78
Transform: AffineTransform_float_3_3
Parameters: 0.999999 0.001457 4.59897e-05 -0.001457 0.999999 -7.06701e-06 -4.60101e-05 6.93297e-06 1 0.43388 0.308168 -0.0430845
FixedParameters: 0 0 0

#Transform 79
Transform: AffineTransform_float_3_3
Parameters: 0.999998 0.00164799 -1.10498e-05 -0.00164801 0.999999 -0.000636983 9.9502e-06 0.000637017 1 0.505107 0.545414 0.116856
FixedParameters: 0 0 0

#Transform 80
Transform: AffineTransform_float_3_3
Parameters: 0.999999 0.001457 -0.000106993 -0.001457 0.999999 5.15589e-06 0.000107007 -4.8441e-06 1 0.471043 0.29627 -0.0627492
FixedParameters: 0 0 0

#Transform 81
Transform: AffineTransform_float_3_3
Parameters: 0.999998 0.00163101 3.94911e-05 -0.00163199 0.999998 -0.000312065 -4.05091e-05 0.000311934 1 0.482894 0.50093 0.0596488
FixedParameters: 0 0 0

#Transform 82
Transform: AffineTransform_float_3_3
Parameters: 0.999999 0.00175099 4.2555e-05 -0.00175101 0.999999 0.000316926 -4.14449e-05 -0.000317073 1 0.517674 0.29072 -0.115413
FixedParameters: 0 0 0

#Transform 83
Transform: AffineTransform_float_3_3
Parameters: 0.999998 0.00160432 0.000363573 -0.00160368 0.999999 -0.000889585 -0.000364427 0.000889417 1 0.409543 0.608225 0.275101
FixedParameters: 0 0 0

#Transform 84
Transform: AffineTransform_float_3_3
Parameters: 0.999998 0.00195098 6.26788e-05 -0.00195102 0.999998 0.000347878 -6.23229e-05 -0.000347122 1 0.558545 0.333021 -0.115759
FixedParameters: 0 0 0

#Transform 85
Transform: AffineTransform_float_3_3
Parameters: 0.999999 0.00178788 -0.000109006 -0.00178712 0.999998 -0.00112181 0.000106995 0.00112219 1 0.54741 0.663677 0.275947
FixedParameters: 0 0 0

#Transform 86
Transform: AffineTransform_float_3_3
Parameters: 0.999999 0.001805 -0.000209996 -0.001805 0.999999 2.37905e-06 0.000210003 -1.62095e-06 1 0.571709 0.394409 -0.0278004
FixedParameters: 0 0 0

#Transform 87
Transform: AffineTransform_float_3_3
Parameters: 0.999999 0.00169582 -0.000279082 -0.00169618 0.999999 -0.000637528 0.000277918 0.000638472 1 0.551963 0.52822 0.0970189
FixedParameters: 0 0 0

#Transform 88
Transform: AffineTransform_float_3_3
Parameters: 0.999999 0.00182801 -0.00016595 -0.001828 0.999999 2.73034e-05 0.000166051 -2.76965e-05 1 0.591073 0.427351 -0.0536551
FixedParameters: 0 0 0

#Transform 89
Transform: AffineTransform_float_3_3
Parameters: 0.999998 0.00199806 0.000177288 -0.00199794 0.999998 -0.000356355 -0.000177711 0.000355646 1 0.556994 0.509693 0.109011
FixedParameters: 0 0 0

#Transform 90
Transform: AffineTransform_float_3_3
Parameters: 0.999999 0.00183792 -0.000185816 -0.00183808 0.999998 -0.000443659 0.000185184 0.000444341 1 0.566519 0.552678 0.0649342
FixedParameters: 0 0 0

#Transform 91
Transform: AffineTransform_float_3_3
Parameters: 0.999998 0.00167299 -0.000107085 -0.001673 0.999998 -5.08209e-05 0.000106914 5.11789e-05 1 0.508134 0.350615 -0.0242324
FixedParameters: 0 0 0

#Transform 92
Transform: AffineTransform_float_3_3
Parameters: 0.999999 0.00183702 4.9142e-05 -0.00183698 0.999998 -0.000467091 -4.98578e-05 0.000466909 1 0.527904 0.564694 0.0997833
FixedParameters: 0 0 0

#Transform 93
Transform: AffineTransform_float_3_3
Parameters: 0.999999 0.00178301 1.74152e-05 -0.001783 0.999999 -0.000328032 -1.85848e-05 0.000327967 1 0.517468 0.422982 0.0946586
FixedParameters: 0 0 0

#Transform 94
Transform: AffineTransform_float_3_3
Parameters: 0.999999 0.00177596 -0.000107636 -0.00177604 0.999999 -0.00035781 0.000107364 0.000358191 1 0.536859 0.486665 0.0658302
FixedParameters: 0 0 0

#Transform 95
Transform: AffineTransform_float_3_3
Parameters: 0.999999 0.00184596 -0.000107677 -0.00184604 0.999998 -0.000366802 0.000107322 0.000367199 1 0.560264 0.447176 0.0887476
FixedParameters: 0 0 0

#Transform 96
Transform: AffineTransform_float_3_3
Parameters: 0.999998 0.00205293 -0.000108349 -0.00205307 0.999997 -0.000656779 0.000107653 0.000656222 1 0.62292 0.607126 0.158961
FixedParameters: 0 0 0

#Transform 97
Transform: AffineTransform_float_3_3
Parameters: 0.999998 0.00200199 -5.43162e-05 -0.00200201 0.999998 -0.000157892 5.46836e-05 0.00015811 1 0.595049 0.417523 0.0191713
FixedParameters: 0 0 0

#Transform 98
Transform: AffineTransform_float_3_3
Parameters: 0.999997 0.00215998 -0.000107378 -0.00216002 0.999997 -0.000174768 0.000107622 0.000175233 1 0.655083 0.566591 -0.0064774
FixedParameters: 0 0 0

#Transform 99
Transform: AffineTransform_float_3_3
Parameters: 0.999998 0.00189801 -0.000106918 -0.001898 0.999998 4.3203e-05 0.000107081 -4.27968e-05 1 0.572137 0.357973 -0.0349049
FixedParameters: 0 0 0

#Transform 100
Transform: AffineTransform_float_3_3
Parameters: 0.999998 0.00188196 -0.000107773 -0.00188204 0.999998 -0.000410798 0.000107226 0.000411203 1 0.552721 0.557839 0.0769535
FixedParameters: 0 0 0

#Transform 101
Transform: AffineTransform_float_3_3
Parameters: 0.999998 0.00194209 0.000285394 -0.00194191 0.999998 -0.000312555 -0.000285605 0.000311446 1 0.493829 0.434971 0.153414
FixedParameters: 0 0 0

#Transform 102
Transform: AffineTransform_float_3_3
Parameters: 0.999998 0.0020572 0.000330728 -0.00205679 0.999997 -0.000618681 -0.00033227 0.000617317 1 0.522107 0.601176 0.22447
FixedParameters: 0 0 0

#Transform 103
Transform: AffineTransform_float_3_3
Parameters: 0.999998 0.00187117 0.00041626 -0.00187084 0.999998 -0.000395779 -0.00041774 0.000395219 1 0.444677 0.458976 0.190343
FixedParameters: 0 0 0

#Transform 104
Transform: AffineTransform_float_3_3
Parameters: 0.999998 0.00186714 0.000308157 -0.00186686 0.999998 -0.000451576 -0.000308843 0.000451424 1 0.460101 0.538544 0.16975
FixedParameters: 0 0 0

#Transform 105
Transform: AffineTransform_float_3_3
Parameters: 0.999998 0.00193692 -0.00010835 -0.00193708 0.999998 -0.000696791 0.00010765 0.00069721 1 0.545935 0.538344 0.192959
FixedParameters: 0 0 0

#Transform 106
Transform: AffineTransform_float_3_3
Parameters: 0.999998 0.00198721 0.000453057 -0.00198778 0.999998 -0.000474901 -0.000453943 0.000474099 1 0.454413 0.540076 0.235145
FixedParameters: 0 0 0

#Transform 107
Transform: AffineTransform_float_3_3
Parameters: 0.999998 0.0018594 0.000541645 -0.00185861 0.999998 -0.000729008 -0.000542354 0.000727993 0.999999 0.3957 0.554063 0.304035
FixedParameters: 0 0 0

#Transform 108
Transform: AffineTransform_float_3_3
Parameters: 0.999998 0.00227099 -0.000107229 -0.00227101 0.999998 -0.000100757 0.00010677 0.000101243 1 0.630069 0.523494 0.0124691
FixedParameters: 0 0 0

#Transform 109
Transform: AffineTransform_float_3_3
Parameters: 0.999998 0.00190513 0.000165457 -0.00190487 0.999998 -0.000810316 -0.000166545 0.000810684 0.999999 0.472927 0.599544 0.257781
FixedParameters: 0 0 0

#Transform 110
Transform: AffineTransform_float_3_3
Parameters: 0.999998 0.00190003 8.33482e-05 -0.00189997 0.999998 -0.000343159 -8.46516e-05 0.00034284 1 0.481925 0.509757 0.136074
FixedParameters: 0 0 0

#Transform 111
Transform: AffineTransform_float_3_3
Parameters: 0.999997 0.00212603 9.82705e-05 -0.00212597 0.999997 -0.00034321 -9.8729e-05 0.000342791 1 0.554591 0.501905 0.124018
FixedParameters: 0 0 0

#Transform 112
Transform: AffineTransform_float_3_3
Parameters: 0.999999 0.00184788 -0.000109058 -0.00184812 0.999997 -0.0011138 0.000106943 0.0011132 1 0.511862 0.699882 0.358857
FixedParameters: 0 0 0

#Transform 113
Transform: AffineTransform_float_3_3
Parameters: 0.999997 0.00215702 -0.000106609 -0.00215698 0.999997 0.00018123 0.00010739 -0.000180769 1 0.607304 0.416731 -0.0309736
FixedParameters: 0 0 0

#Transform 114
Transform: AffineTransform_float_3_3
Parameters: 0.999998 0.00190507 0.000100725 -0.00190593 0.999998 -0.000669193 -0.000102277 0.000669806 1 0.479876 0.543749 0.226425
FixedParameters: 0 0 0

#Transform 115
Transform: AffineTransform_float_3_3
Parameters: 0.999998 0.00198993 -0.00010823 -0.00199007 0.999998 -0.000617786 0.00010677 0.000618213 1 0.55086 0.627996 0.110459
FixedParameters: 0 0 0

#Transform 116
Transform: AffineTransform_float_3_3
Parameters: 0.999998 0.00196202 -0.000106662 -0.00196198 0.999998 0.00017221 0.000107337 -0.00017179 1 0.546509 0.380444 -0.0898502
FixedParameters: 0 0 0

#Transform 117
Transform: AffineTransform_float_3_3
Parameters: 0.999998 0.00188295 -0.000107928 -0.00188305 0.999998 -0.000492798 0.000107071 0.000493202 1 0.509787 0.602146 0.0405785
FixedParameters: 0 0 0

#Transform 118
Transform: AffineTransform_float_3_3
Parameters: 0.999998 0.00190301 -0.000106756 -0.00190299 0.999998 0.000128203 0.000107243 -0.000127796 1 0.531822 0.357114 -0.0567185
FixedParameters: 0 0 0

#Transform 119
Transform: AffineTransform_float_3_3
Parameters: 0.999999 0.00186109 9.93081e-05 -0.00186191 0.999998 -0.000909186 -0.000100692 0.000908814 0.999999 0.473475 0.668439 0.26203
FixedParameters: 0 0 0

#Transform 120
Transform: AffineTransform_float_3_3
Parameters: 0.999999 0.00184 -0.000106996 -0.00184 0.999999 2.19688e-06 0.000107005 -2.80312e-06 1 0.507672 0.375716 -0.0136063
FixedParameters: 0 0 0

#Transform 121
Transform: AffineTransform_float_3_3
Parameters: 0.999998 0.00159854 0.000421973 -0.00159746 0.999998 -0.00126868 -0.000424027 0.00126832 0.999999 0.333352 0.667031 0.414333
FixedParameters: 0 0 0

#Transform 122
Transform: AffineTransform_float_3_3
Parameters: 0.999999 0.001783 -0.000107 -0.001783 0.999999 1.90781e-07 0.000107 1.90781e-07 1 0.492813 0.367023 -0.0192908
FixedParameters: 0 0 0

#Transform 123
Transform: AffineTransform_float_3_3
Parameters: 0.999999 0.00185488 -0.000109 -0.00185512 0.999997 -0.0010778 0.000107002 0.0010772 1 0.514636 0.659613 0.273594
FixedParameters: 0 0 0

#Transform 124
Transform: AffineTransform_float_3_3
Parameters: 0.999999 0.00175198 -0.000107296 -0.00175202 0.999999 -0.000168812 0.000107704 0.000169189 1 0.490467 0.42247 0.0595841
FixedParameters: 0 0 0

#Transform 125
Transform: AffineTransform_float_3_3
Parameters: 0.999998 0.001678 4.58208e-06 -0.001678 0.999998 -0.000845009 -5.4179e-06 0.000844992 0.999999 0.442972 0.555564 0.272172
FixedParameters: 0 0 0

#Transform 126
Transform: AffineTransform_float_3_3
Parameters: 0.999999 0.00177494 -0.000191527 -0.00177506 0.999999 -0.000296661 0.000191474 0.00029634 1 0.509356 0.470117 0.0953905
FixedParameters: 0 0 0

#Transform 127
Transform: AffineTransform_float_3_3
Parameters: 0.999999 0.00179393 -0.000108137 -0.00179407 0.999998 -0.000633807 0.000106862 0.000634193 1 0.499192 0.529696 0.20619
FixedParameters: 0 0 0

#Transform 128
Transform: AffineTransform_float_3_3
Parameters: 0.999998 0.00171797 -0.00010755 -0.00171803 0.999999 -0.000319816 0.00010745 0.000320185 1 0.476351 0.485674 0.124011
FixedParameters: 0 0 0

#Transform 129
Transform: AffineTransform_float_3_3
Parameters: 0.999998 0.00164592 -0.000108154 -0.00164608 0.999999 -0.000700823 0.000106846 0.000701177 0.999999 0.463251 0.499008 0.203053
FixedParameters: 0 0 0

#Transform 130
Transform: AffineTransform_float_3_3
Parameters: 0.999998 0.00170093 -0.000204544 -0.00170106 0.999998 -0.000319652 0.000203457 0.000319346 1 0.494375 0.471943 0.0916856
FixedParameters: 0 0 0

#Transform 131
Transform: AffineTransform_float_3_3
Parameters: 0.999998 0.00188677 -0.000358192 -0.00188723 0.999998 -0.000631325 0.000356809 0.000631674 0.999999 0.582382 0.532591 0.17048
FixedParameters: 0 0 0

#Transform 132
Transform: AffineTransform_float_3_3
Parameters: 0.999999 0.00180289 -0.000278697 -0.00180311 0.999999 -0.000386498 0.000277304 0.000386501 1 0.547131 0.501148 0.129867
FixedParameters: 0 0 0

#Transform 133
Transform: AffineTransform_float_3_3
Parameters: 0.999999 0.00183405 0.000100075 -0.00183395 0.999998 -0.000504184 -0.000100924 0.000503816 1 0.489306 0.48754 0.22586
FixedParameters: 0 0 0

#Transform 134
Transform: AffineTransform_float_3_3
Parameters: 0.999998 0.00186797 -0.000107598 -0.00186804 0.999998 -0.0003198 0.000107402 0.000320201 1 0.539138 0.487595 0.129951
FixedParameters: 0 0 0

#Transform 135
Transform: AffineTransform_float_3_3
Parameters: 0.999999 0.00176887 -0.000109108 -0.00176913 0.999997 -0.00119181 0.000106893 0.00119119 1 0.50927 0.601866 0.402758
FixedParameters: 0 0 0

#Transform 136
Transform: AffineTransform_float_3_3
Parameters: 0.999999 0.00178301 9.97931e-05 -0.00178299 0.999999 -0.000116178 -0.000100207 0.000115822 1 0.491894 0.412765 0.150101
FixedParameters: 0 0 0

#Transform 137
Transform: AffineTransform_float_3_3
Parameters: 0.999999 0.00145692 -0.00010813 -0.00145708 0.999998 -0.000775843 0.000106869 0.000776156 0.999999 0.433266 0.479273 0.287439
FixedParameters: 0 0 0

#Transform 138
Transform: AffineTransform_float_3_3
Parameters: 0.999999 0.00145701 9.48484e-05 -0.00145699 0.999999 -0.000104138 -9.41514e-05 0.000103863 1 0.394638 0.333583 0.174785
FixedParameters: 0 0 0

#Transform 139
Transform: AffineTransform_float_3_3
Parameters: 0.999998 0.00163146 0.000422238 -0.00163154 0.999998 -0.00108069 -0.000424763 0.00108031 1 0.394617 0.521387 0.520579
FixedParameters: 0 0 0

#Transform 140
Transform: AffineTransform_float_3_3
Parameters: 0.999998 0.00163292 -0.000108223 -0.00163308 0.999999 -0.000748824 0.000106777 0.000749175 0.999999 0.493865 0.499567 0.33786
FixedParameters: 0 0 0

#Transform 141
Transform: AffineTransform_float_3_3
Parameters: 0.999999 0.00179801 9.43752e-06 -0.00179799 0.999998 -0.000869018 -1.15624e-05 0.00086898 0.999999 0.507712 0.551672 0.299655
FixedParameters: 0 0 0

#Transform 142
Transform: AffineTransform_float_3_3
Parameters: 0.999999 0.00145723 0.000207374 -0.00145677 0.999999 -0.0011163 -0.000208627 0.0011167 1 0.367502 0.570925 0.397686
FixedParameters: 0 0 0

#Transform 143
Transform: AffineTransform_float_3_3
Parameters: 0.999998 0.00162232 0.000327436 -0.00162268 0.999998 -0.000964533 -0.000328566 0.000964469 1 0.394401 0.513242 0.375048
FixedParameters: 0 0 0

#Transform 144
Transform: AffineTransform_float_3_3
Parameters: 0.999999 0.00145729 0.000320672 -0.00145671 0.999998 -0.000911467 -0.000322328 0.00091153 0.999999 0.345975 0.535406 0.357989
FixedParameters: 0 0 0

#Transform 145
Transform: AffineTransform_float_3_3
Parameters: 0.999999 0.0014571 0.000155019 -0.00145689 0.999998 -0.000673226 -0.00015598 0.000672773 1 0.368375 0.42871 0.271218
FixedParameters: 0 0 0

#Transform 146
Transform: AffineTransform_float_3_3
Parameters: 0.999999 0.00145707 8.47483e-05 -0.00145693 0.999998 -0.000859124 -8.62514e-05 0.000858875 0.999999 0.37668 0.535593 0.293438
FixedParameters: 0 0 0

#Transform 147
Transform: AffineTransform_float_3_3
Parameters: 0.999999 0.00145691 -0.000108216 -0.00145709 0.999998 -0.000834843 0.000106783 0.000835156 0.999999 0.42481 0.450744 0.257295
FixedParameters: 0 0 0

#Transform 148
Transform: AffineTransform_float_3_3
Parameters: 0.999999 0.00155995 -0.00010766 -0.00156004 0.999998 -0.000422832 0.00010734 0.000423168 1 0.451461 0.496658 0.127061
FixedParameters: 0 0 0

#Transform 149
Transform: AffineTransform_float_3_3
Parameters: 0.999999 0.00145696 -5.01874e-05 -0.00145704 0.999998 -0.000814927 4.88125e-05 0.000815071 0.999999 0.413747 0.446945 0.293032
FixedParameters: 0 0 0

#Transform 150
Transform: AffineTransform_float_3_3
Parameters: 0.999999 0.0014569 -0.000108288 -0.0014571 0.999998 -0.000883842 0.000107712 0.000884157 0.999999 0.41861 0.544722 0.264162
FixedParameters: 0 0 0

#Transform 151
Transform: AffineTransform_float_3_3
Parameters: 0.999998 0.00160302 2.18185e-05 -0.00160298 0.999999 -0.000737036 -2.31814e-05 0.000736964 0.999999 0.443415 0.452605 0.291091
FixedParameters: 0 0 0

#Transform 152
Transform: AffineTransform_float_3_3
Parameters: 0.999999 0.00145691 -0.000108206 -0.00145709 0.999998 -0.000827843 0.000106795 0.000827156 0.999999 0.430734 0.546708 0.253979
FixedParameters: 0 0 0

#Transform 153
Transform: AffineTransform_float_3_3
Parameters: 0.999999 0.00145693 -0.000107944 -0.00145707 0.999998 -0.000647843 0.000107056 0.000648156 1 0.434784 0.403696 0.226398
FixedParameters: 0 0 0

#Transform 154
Transform: AffineTransform_float_3_3
Parameters: 0.999998 0.00161507 7.54607e-05 -0.00161493 0.999998 -0.000953123 -7.75389e-05 0.000952876 0.999999 0.442445 0.60337 0.309826
FixedParameters: 0 0 0

#Transform 155
Transform: AffineTransform_float_3_3
Parameters: 0.999998 0.00156394 -0.0002983 -0.00156406 0.999999 -0.000191534 0.000297699 0.000192466 1 0.501811 0.322317 0.0627797
FixedParameters: 0 0 0

#Transform 156
Transform: AffineTransform_float_3_3
Parameters: 0.999999 0.0014569 -0.000108381 -0.0014571 0.999999 -0.000947843 0.000107619 0.000948158 0.999999 0.430831 0.561702 0.267465
FixedParameters: 0 0 0

#Transform 157
Transform: AffineTransform_float_3_3
Parameters: 0.999999 0.00145695 -0.000107641 -0.00145705 0.999999 -0.000439844 0.000107359 0.000440157 1 0.428145 0.349514 0.189933
FixedParameters: 0 0 0

#Transform 158
Transform: AffineTransform_float_3_3
Parameters: 0.999999 0.00145689 -0.000108495 -0.00145711 0.999999 -0.00102584 0.000107505 0.00102616 1 0.4337 0.5796 0.300836
FixedParameters: 0 0 0

#Transform 159
Transform: AffineTransform_float_3_3
Parameters: 0.999999 0.00156798 -0.000107282 -0.00156802 0.999999 -0.000179832 0.000107718 0.000180169 1 0.460202 0.331227 0.0986557
FixedParameters: 0 0 0

#Transform 160
Transform: AffineTransform_float_3_3
Parameters: 0.999999 0.00145687 -0.000108725 -0.00145713 0.999998 -0.00118384 0.000107275 0.00118416 1 0.418241 0.582137 0.370586
FixedParameters: 0 0 0

#Transform 161
Transform: AffineTransform_float_3_3
Parameters: 0.999999 0.00145697 -0.000107462 -0.00145703 0.999999 -0.000316844 0.000107538 0.000317157 1 0.420483 0.36344 0.156763
FixedParameters: 0 0 0

#Transform 162
Transform: AffineTransform_float_3_3
Parameters: 0.999999 0.00145686 -0.000108872 -0.00145714 0.999998 -0.00128484 0.000107128 0.00128516 0.999999 0.413361 0.575451 0.41375
FixedParameters: 0 0 0

#Transform 163
Transform: AffineTransform_float_3_3
Parameters: 0.999999 0.00145697 -0.00010743 -0.00145703 0.999999 -0.000294844 0.00010757 0.000295157 1 0.416197 0.362448 0.162173
FixedParameters: 0 0 0

#Transform 164
Transform: AffineTransform_float_3_3
Parameters: 0.999999 0.00145688 -0.000108627 -0.00145712 0.999999 -0.00111684 0.000107372 0.00111716 1 0.397446 0.552777 0.400046
FixedParameters: 0 0 0

#Transform 165
Transform: AffineTransform_float_3_3
Parameters: 0.999999 0.00145696 -0.000107583 -0.00145704 0.999999 -0.000399844 0.000107417 0.000400157 1 0.416233 0.388876 0.184096
FixedParameters: 0 0 0

#Transform 166
Transform: AffineTransform_float_3_3
Parameters: 0.999999 0.00145686 -0.000108914 -0.00145714 0.999998 -0.00131384 0.000107085 0.00131416 0.999999 0.405699 0.580862 0.436975
FixedParameters: 0 0 0

#Transform 167
Transform: AffineTransform_float_3_3
Parameters: 0.999998 0.00165296 -5.03487e-05 -0.00165304 0.999999 -0.000815918 4.8651e-05 0.000816082 0.999999 0.45196 0.527134 0.304187
FixedParameters: 0 0 0

#Transform 168
Transform: AffineTransform_float_3_3
Parameters: 0.999998 0.00171087 -0.000108996 -0.00171112 0.999998 -0.00116682 0.000107003 0.00116718 1 0.47362 0.604779 0.369644
FixedParameters: 0 0 0

#Transform 169
Transform: AffineTransform_float_3_3
Parameters: 0.999999 0.00183392 -0.000171869 -0.00183408 0.999998 -0.000473686 0.00017113 0.000474315 1 0.522567 0.494513 0.176444
FixedParameters: 0 0 0

#Transform 170
Transform: AffineTransform_float_3_3
Parameters: 0.999998 0.00166891 -0.000108405 -0.00166909 0.999999 -0.00084182 0.000107594 0.000842181 0.999999 0.460805 0.532402 0.316809
FixedParameters: 0 0 0

#Transform 171
Transform: AffineTransform_float_3_3
Parameters: 0.999999 0.00145699 -2.75303e-05 -0.00145701 0.999999 -0.00036396 2.64696e-05 0.000364039 1 0.381509 0.40028 0.250439
FixedParameters: 0 0 0

#Transform 172
Transform: AffineTransform_float_3_3
Parameters: 0.999998 0.00159215 0.000136263 -0.00159185 0.999998 -0.00109122 -0.000137737 0.00109078 1 0.391103 0.564739 0.453323
FixedParameters: 0 0 0

#Transform 173
Transform: AffineTransform_float_3_3
Parameters: 0.999999 0.00175801 7.77309e-05 -0.00175799 0.999999 -0.000153137 -7.72689e-05 0.000152864 1 0.458767 0.39867 0.206774
FixedParameters: 0 0 0

#Transform 174
Transform: AffineTransform_float_3_3
Parameters: 0.999999 0.0017899 -0.000108711 -0.0017901 0.999998 -0.000955807 0.000107289 0.000956194 1 0.495016 0.520034 0.410109
FixedParameters: 0 0 0

#Transform 175
Transform: AffineTransform_float_3_3
Parameters: 0.999999 0.00176487 -0.000109134 -0.00176413 0.999997 -0.00120881 0.000106867 0.00120919 1 0.490323 0.68297 0.439755
FixedParameters: 0 0 0

#Transform 176
Transform: AffineTransform_float_3_3
Parameters: 0.999999 0.001862 -0.000107004 -0.001862 0.999999 -1.80076e-06 0.000106996 2.19923e-06 1 0.516473 0.370063 0.133046
FixedParameters: 0 0 0

#Transform 177
Transform: AffineTransform_float_3_3
Parameters: 0.999998 0.00158689 -0.000108565 -0.00158711 0.999999 -0.000985829 0.000107435 0.000986172 0.999999 0.419612 0.605112 0.348051
FixedParameters: 0 0 0

#Transform 178
Transform: AffineTransform_float_3_3
Parameters: 0.999998 0.00192597 -0.000278223 -0.00192603 0.999998 -0.000115464 0.000277776 0.000116535 1 0.562022 0.452041 0.105795
FixedParameters: 0 0 0

#Transform 179
Transform: AffineTransform_float_3_3
Parameters: 0.999998 0.00191587 -0.000109393 -0.00191614 0.999998 -0.00124879 0.000107607 0.00124921 0.999999 0.523395 0.693118 0.443877
FixedParameters: 0 0 0

#Transform 180
Transform: AffineTransform_float_3_3
Parameters: 0.999998 0.00206898 -0.000107341 -0.00206902 0.999998 -0.000164778 0.000107658 0.000165223 1 0.571934 0.52523 0.0872098
FixedParameters: 0 0 0

#Transform 181
Transform: AffineTransform_float_3_3
Parameters: 0.999999 0.00181096 -0.000107759 -0.00181105 0.999999 -0.000418806 0.000107241 0.000419195 1 0.489777 0.526534 0.13325
FixedParameters: 0 0 0

#Transform 182
Transform: AffineTransform_float_3_3
Parameters: 0.999998 0.001874 -0.000106947 -0.001874 0.999998 2.82005e-05 0.000107052 -2.77994e-05 1 0.52021 0.418391 0.0687772
FixedParameters: 0 0 0

#Transform 183
Transform: AffineTransform_float_3_3
Parameters: 0.999998 0.00160593 -0.000107994 -0.00160607 0.999998 -0.000618827 0.000107007 0.000618172 1 0.450933 0.521598 0.24691
FixedParameters: 0 0 0

#Transform 184
Transform: AffineTransform_float_3_3
Parameters: 0.999998 0.001688 -0.00010705 -0.001688 0.999998 -2.98193e-05 0.000106949 3.01806e-05 1 0.464416 0.352385 0.105088
FixedParameters: 0 0 0

#Transform 185
Transform: AffineTransform_float_3_3
Parameters: 0.999998 0.00166491 -0.000108445 -0.00166509 0.999998 -0.000867821 0.000107555 0.00086818 0.999999 0.463909 0.576429 0.32922
FixedParameters: 0 0 0

#Transform 186
Transform: AffineTransform_float_3_3
Parameters: 0.999999 0.00182005 -0.000106226 -0.00181996 0.999999 0.000425194 0.000106773 -0.000424806 1 0.509134 0.277342 0.00547097
FixedParameters: 0 0 0

#Transform 187
Transform: AffineTransform_float_3_3
Parameters: 0.999999 0.00180294 -0.00010799 -0.00180306 0.999998 -0.000548806 0.00010701 0.000549194 1 0.505887 0.555322 0.22251
FixedParameters: 0 0 0

#Transform 188
Transform: AffineTransform_float_3_3
Parameters: 0.999998 0.00198815 -0.00053045 -0.00198785 0.999998 0.000277055 0.000530549 -0.000275946 1 0.644601 0.344002 -0.043599
FixedParameters: 0 0 0

#Transform 189
Transform: AffineTransform_float_3_3
Parameters: 0.999999 0.00175893 -0.000108113 -0.00175907 0.999999 -0.000632811 0.000106888 0.000632189 1 0.489702 0.562086 0.263622
FixedParameters: 0 0 0

#Transform 190
Transform: AffineTransform_float_3_3
Parameters: 0.999997 0.00207106 -0.000532744 -0.00207093 0.999998 0.000124104 0.000532255 -0.000122898 1 0.662488 0.371883 0.0322924
FixedParameters: 0 0 0

#Transform 191
Transform: AffineTransform_float_3_3
Parameters: 0.999999 0.00185593 -0.000108295 -0.00185608 0.999998 -0.0006978 0.000107704 0.000698201 1 0.514284 0.595453 0.305205
FixedParameters: 0 0 0

#Transform 192
Transform: AffineTransform_float_3_3
Parameters: 0.999998 0.00199003 -0.000106357 -0.00198997 0.999998 0.000323212 0.000107643 -0.000322786 1 0.565906 0.325185 0.0385495
FixedParameters: 0 0 0

#Transform 193
Transform: AffineTransform_float_3_3
