#Insight Transform File V1.0
#Transform 0
Transform: AffineTransform_float_3_3
Parameters: 1 0.000159772 0.00115131 -0.000162228 0.999998 0.00193582 -0.00115069 -0.00193519 0.999998 -0.0625187 -0.120517 -0.6194
FixedParameters: 0 0 0

#Transform 1
Transform: AffineTransform_float_3_3
Parameters: 0.999999 0.00036052 0.000749713 -0.00036248 0.999998 0.00197473 -0.000749285 -0.00197527 0.999998 0.0487221 -0.307025 -0.61619
FixedParameters: 0 0 0

#Transform 2
Transform: AffineTransform_float_3_3
Parameters: 0.999999 0.000412099 0.000585635 -0.0004129 0.999998 0.00153876 -0.000584365 -0.00153824 0.999998 0.0836577 -0.147851 -0.46293
FixedParameters: 0 0 0

#Transform 3
Transform: AffineTransform_float_3_3
Parameters: 1 0.000405846 0.000174358 -0.000406153 0.999999 0.000880929 -0.000173643 -0.00088007 0.999999 0.11291 0.00743268 -0.313778
FixedParameters: 0 0 0

#Transform 4
Transform: AffineTransform_float_3_3
Parameters: 1 0.00038 2.774e-08 -0.00038 1 7.3e-05 2.774e-08 -7.3e-05 1 0.132728 0.134912 -0.0854408
FixedParameters: 0 0 0

#Transform 5
Transform: AffineTransform_float_3_3
Parameters: 1 0.000350991 0.000282011 -0.000351009 1 3.0901e-05 -0.000281989 -3.1099e-05 1 0.0936339 0.206032 -0.103911
FixedParameters: 0 0 0

#Transform 6
Transform: AffineTransform_float_3_3
Parameters: 1 0.000303808 0.000459127 -0.000304192 1 0.00041786 -0.000459873 -0.00041814 1 0.0647748 0.0996302 -0.217344
FixedParameters: 0 0 0

#Transform 7
Transform: AffineTransform_float_3_3
Parameters: 1 0.000304 2.51408e-07 -0.000304 0.999999 0.000826999 2.51408e-07 -0.000826999 0.999999 0.106121 -0.164074 -0.353672
FixedParameters: 0 0 0

#Transform 8
Transform: AffineTransform_float_3_3
Parameters: 1 0.000304 6.5664e-08 -0.000304 1 0.000216 6.5664e-08 -0.000216 1 0.109901 -0.00316944 -0.12288
FixedParameters: 0 0 0

#Transform 9
Transform: AffineTransform_float_3_3
Parameters: 1 0.000303622 -0.000335342 -0.000304377 1 -0.0011269 0.000334657 0.0011271 1 0.148703 0.28292 0.281362
FixedParameters: 0 0 0

#Transform 10
Transform: AffineTransform_float_3_3
Parameters: 1 0.000304 -2.508e-07 -0.000304 0.999999 -0.000824999 -2.508e-07 0.000824999 0.999999 0.122717 0.272966 0.206694
FixedParameters: 0 0 0

#Transform 11
Transform: AffineTransform_float_3_3
Parameters: 1 0.000234 -2.50146e-07 -0.000234 1 -0.001069 -2.50146e-07 0.001069 1 0.0934524 0.236977 0.267697
FixedParameters: 0 0 0

#Transform 12
Transform: AffineTransform_float_3_3
Parameters: 1 0.000304 -2.9792e-07 -0.000304 1 -0.00098 -2.9792e-07 0.00098 0.999999 0.119564 0.239721 0.216918
FixedParameters: 0 0 0

#Transform 13
Transform: AffineTransform_float_3_3
Parameters: 1 0.000304 -4.1648e-07 -0.000304 0.999999 -0.00137 -4.1648e-07 0.00137 0.999999 0.116781 0.278297 0.371026
FixedParameters: 0 0 0

#Transform 14
Transform: AffineTransform_float_3_3
Parameters: 1 -0.000100734 0.000690038 0.000101266 1 -0.00038493 -0.000689961 0.000385069 0.999999 -0.100139 0.169826 0.13707
FixedParameters: 0 0 0

#Transform 15
Transform: AffineTransform_float_3_3
Parameters: 1 -0.000101512 0.000528902 0.000101488 0.999999 0.000968054 -0.000529099 -0.000967946 1 -0.0896135 -0.269072 -0.288859
FixedParameters: 0 0 0

#Transform 16
Transform: AffineTransform_float_3_3
Parameters: 1 -0.000101 -9.05969e-08 0.000101 0.999999 0.000896999 -9.05969e-08 -0.000896999 0.999999 -0.0328864 -0.273861 -0.343139
FixedParameters: 0 0 0

#Transform 17
Transform: AffineTransform_float_3_3
Parameters: 1 -0.000101199 0.00049896 0.000100801 1 0.00039805 -0.00049904 -0.000397949 1 -0.0864112 -0.156489 -0.0516745
FixedParameters: 0 0 0

#Transform 18
Transform: AffineTransform_float_3_3
Parameters: 1 -0.000101261 0.000498947 0.000101739 1 0.000523051 -0.000499053 -0.000522949 0.999999 -0.0864423 -0.0882303 -0.100134
FixedParameters: 0 0 0

#Transform 19
Transform: AffineTransform_float_3_3
Parameters: 1 -0.000101261 0.000498947 0.000101739 1 0.000523051 -0.000499053 -0.000522949 0.999999 -0.0900678 -0.0635666 -0.0942309
FixedParameters: 0 0 0

#Transform 20
Transform: AffineTransform_float_3_3
Parameters: 1 -0.000100997 -2.70108e-05 0.000101003 1 0.000106997 2.69892e-05 -0.000107003 1 -0.0323277 -0.0191652 -0.0398772
FixedParameters: 0 0 0

#Transform 21
Transform: AffineTransform_float_3_3
Parameters: 1 -0.000101001 -1.92677e-06 0.000100998 0.999999 -0.000725 2.07322e-06 0.000724999 0.999999 -0.034931 0.136208 0.206949
FixedParameters: 0 0 0

#Transform 22
Transform: AffineTransform_float_3_3
Parameters: 1 -0.000101002 -1.87617e-06 0.000100997 0.999999 -0.001226 2.12383e-06 0.001226 0.999999 -0.026256 0.213189 0.343837
FixedParameters: 0 0 0

#Transform 23
Transform: AffineTransform_float_3_3
Parameters: 1 -0.000100931 6.11138e-05 0.000101069 1 -0.00112699 -6.08862e-05 0.00112701 1 -0.0275702 0.203449 0.309831
FixedParameters: 0 0 0

#Transform 24
Transform: AffineTransform_float_3_3
Parameters: 1 -0.000101003 -1.86718e-06 0.000100997 0.999999 -0.001315 2.13281e-06 0.001315 0.999999 -0.0262221 0.204137 0.345556
FixedParameters: 0 0 0

#Transform 25
Transform: AffineTransform_float_3_3
Parameters: 1 -0.000101 -1.99091e-06 0.000101 1 -9.00002e-05 2.00909e-06 8.99998e-05 1 -0.0349098 -0.0683124 -0.0403513
FixedParameters: 0 0 0

#Transform 26
Transform: AffineTransform_float_3_3
Parameters: 1 0.000229 -2.03916e-06 -0.000229 1 -0.000171 1.96084e-06 0.000171 1 0.0802728 -0.0613381 0.0481573
FixedParameters: 0 0 0

#Transform 27
Transform: AffineTransform_float_3_3
Parameters: 1 3.99992e-05 -2.0156e-06 -4.00008e-05 1 -0.00039 1.9844e-06 0.00039 1 0.0178996 0.0236119 0.121003
FixedParameters: 0 0 0

#Transform 28
Transform: AffineTransform_float_3_3
Parameters: 1 0.000289804 -0.000230246 -0.000290195 0.999999 -0.000848933 0.000229754 0.000849066 0.999999 0.125031 0.153208 0.235042
FixedParameters: 0 0 0

#Transform 29
Transform: AffineTransform_float_3_3
Parameters: 1 3.98152e-05 -0.00024803 -4.01847e-05 0.999999 -0.00074499 0.00024797 0.000745009 0.999999 0.0438279 0.1048 0.207027
FixedParameters: 0 0 0

#Transform 30
Transform: AffineTransform_float_3_3
Parameters: 1 3.95801e-05 -0.000403042 -4.04199e-05 1 -0.00104198 0.000402958 0.00104202 1 0.055485 0.209935 0.269128
FixedParameters: 0 0 0

#Transform 31
Transform: AffineTransform_float_3_3
Parameters: 1 3.94245e-05 -0.000403057 -4.05754e-05 0.999999 -0.00142798 0.000402942 0.00142802 0.999999 0.0633572 0.275343 0.381897
FixedParameters: 0 0 0

#Transform 32
Transform: AffineTransform_float_3_3
Parameters: 1 3.93455e-05 -0.000403064 -4.06544e-05 0.999998 -0.00162398 0.000402934 0.00162401 0.999998 0.0606428 0.281846 0.445519
FixedParameters: 0 0 0

#Transform 33
Transform: AffineTransform_float_3_3
Parameters: 1 4.03862e-05 0.000198922 -4.06137e-05 0.999998 -0.00194101 -0.000199079 0.00194099 0.999998 -0.00609519 0.299641 0.666307
FixedParameters: 0 0 0

#Transform 34
Transform: AffineTransform_float_3_3
Parameters: 1 3.97193e-05 -0.000127088 -4.02804e-05 0.999997 -0.00220899 0.000126911 0.002209 0.999997 0.0271524 0.326787 0.683746
FixedParameters: 0 0 0

#Transform 35
Transform: AffineTransform_float_3_3
Parameters: 1 4.05296e-05 0.000198893 -4.04701e-05 0.999997 -0.00266201 -0.000199109 0.00266199 0.999997 0.0103566 0.413362 0.848425
FixedParameters: 0 0 0

#Transform 36
Transform: AffineTransform_float_3_3
Parameters: 1 4.0161e-05 0.000198968 -3.9839e-05 0.999999 -0.000809007 -0.000199032 0.000808991 0.999999 0.00277536 0.117777 0.223231
FixedParameters: 0 0 0

#Transform 37
Transform: AffineTransform_float_3_3
Parameters: 1 0.000283933 -0.000168113 -0.000284067 1 -0.000398952 0.000167887 0.000399048 1 0.133729 -0.0672923 0.10089
FixedParameters: 0 0 0

#Transform 38
Transform: AffineTransform_float_3_3
Parameters: 1 0.000383886 -0.000286153 -0.000384114 1 -0.00039789 0.000285847 0.00039811 1 0.180752 -0.0236008 0.0835377
FixedParameters: 0 0 0

#Transform 39
Transform: AffineTransform_float_3_3
Parameters: 1 3.98875e-05 -0.000269017 -4.01124e-05 1 -0.000417989 0.000268983 0.000418011 1 0.0589695 -0.000890142 0.0934087
FixedParameters: 0 0 0

#Transform 40
Transform: AffineTransform_float_3_3
Parameters: 1 0.000172828 -0.000213139 -0.000173172 0.999999 -0.000806963 0.00021286 0.000807036 0.999999 0.0995723 0.134359 0.256413
FixedParameters: 0 0 0

#Transform 41
Transform: AffineTransform_float_3_3
Parameters: 1 0.000210942 -0.000213058 -0.000211058 1 -0.000273955 0.000212942 0.000274045 1 0.11289 0.104379 0.0507478
FixedParameters: 0 0 0

#Transform 42
Transform: AffineTransform_float_3_3
Parameters: 1 0.000199903 -0.000213091 -0.000200097 1 -0.000455957 0.000212909 0.000456042 1 0.109038 0.111383 0.11423
FixedParameters: 0 0 0

#Transform 43
Transform: AffineTransform_float_3_3
Parameters: 1 0.000219708 -0.000213302 -0.000220292 0.999999 -0.00137195 0.000212698 0.00137205 0.999999 0.11602 0.285803 0.409348
FixedParameters: 0 0 0

#Transform 44
Transform: AffineTransform_float_3_3
Parameters: 1 0.000298631 -0.000213517 -0.000298368 0.999999 -0.00172894 0.000212484 0.00172906 0.999998 0.143541 0.347504 0.510555
FixedParameters: 0 0 0

#Transform 45
Transform: AffineTransform_float_3_3
Parameters: 1 0.000304761 -0.000138527 -0.000305238 0.999999 -0.00172896 0.000137472 0.00172904 0.999998 0.128297 0.322597 0.519595
FixedParameters: 0 0 0

#Transform 46
Transform: AffineTransform_float_3_3
Parameters: 1 0.000233495 0.000267569 -0.000233504 0.999999 -0.00185006 -0.000268432 0.00184994 0.999999 0.0638133 0.307716 0.645322
FixedParameters: 0 0 0

#Transform 47
Transform: AffineTransform_float_3_3
Parameters: 1 0.000218945 -7.41618e-05 -0.000219055 0.999999 -0.000738983 7.38381e-05 0.000739016 0.999999 0.0843887 0.122551 0.219062
FixedParameters: 0 0 0

#Transform 48
Transform: AffineTransform_float_3_3
Parameters: 0.999999 0.00038342 -0.00069532 -0.000383579 0.999999 -0.000833734 0.00069468 0.000834267 1 0.203136 0.0102012 0.16878
FixedParameters: 0 0 0

#Transform 49
Transform: AffineTransform_float_3_3
Parameters: 1 0.000348866 -0.000135346 -0.000349135 1 -0.000990953 0.000135654 0.000991047 0.999999 0.131506 0.119819 0.331378
FixedParameters: 0 0 0

#Transform 50
Transform: AffineTransform_float_3_3
Parameters: 1 0.00026274 -0.000226302 -0.00026226 1 -0.00114794 0.000226699 0.00114806 1 0.111213 0.188385 0.362056
FixedParameters: 0 0 0

#Transform 51
Transform: AffineTransform_float_3_3
Parameters: 1 0.000135232 -0.000352296 -0.000135768 0.999997 -0.00218195 0.000351704 0.00218205 0.999997 0.0820554 0.295725 0.722407
FixedParameters: 0 0 0

#Transform 52
Transform: AffineTransform_float_3_3
Parameters: 1 0.000135045 -0.000559232 -0.000135954 0.999998 -0.00170792 0.000558769 0.00170808 0.999999 0.106896 0.255121 0.475988
FixedParameters: 0 0 0

#Transform 53
Transform: AffineTransform_float_3_3
Parameters: 1 0.000135679 -0.000145301 -0.000135321 0.999997 -0.00221398 0.000144701 0.00221402 0.999997 0.079807 0.342109 0.735645
FixedParameters: 0 0 0

#Transform 54
Transform: AffineTransform_float_3_3
Parameters: 1 0.000134764 -0.000617271 -0.000135237 0.999998 -0.00200192 0.00061773 0.00200208 0.999998 0.128082 0.320604 0.551262
FixedParameters: 0 0 0

#Transform 55
Transform: AffineTransform_float_3_3
Parameters: 1 0.000135653 -0.000145325 -0.000135346 0.999997 -0.00239198 0.000144677 0.00239202 0.999997 0.0683607 0.352276 0.774553
FixedParameters: 0 0 0

#Transform 56
Transform: AffineTransform_float_3_3
Parameters: 1 0.000135664 -0.000145315 -0.000135336 0.999998 -0.00231798 0.000144687 0.00231802 0.999998 0.0648378 0.332152 0.734408
FixedParameters: 0 0 0

#Transform 57
Transform: AffineTransform_float_3_3
Parameters: 1 0.000135983 -6.37044e-06 -0.000136016 0.999997 -0.002724 5.62952e-06 0.002724 0.999997 0.0656174 0.373058 0.902612
FixedParameters: 0 0 0

#Transform 58
Transform: AffineTransform_float_3_3
Parameters: 1 4.55172e-05 -0.000145152 -4.54823e-05 0.999995 -0.003328 0.00014485 0.00332801 0.999995 0.0483733 0.464829 1.06411
FixedParameters: 0 0 0

#Transform 59
Transform: AffineTransform_float_3_3
Parameters: 1 0.000136504 0.000145529 -0.000135495 0.999994 -0.00345502 -0.000146469 0.00345498 0.999994 0.0502129 0.541017 1.11575
FixedParameters: 0 0 0

#Transform 60
Transform: AffineTransform_float_3_3
Parameters: 1 0.000136083 6.08143e-05 -0.000135917 0.999999 -0.00136501 -6.11856e-05 0.00136499 0.999999 0.0380655 0.0779582 0.44291
FixedParameters: 0 0 0

#Transform 61
Transform: AffineTransform_float_3_3
Parameters: 1 0.000135498 -0.00045615 -0.000135503 1 -0.00110094 0.000456851 0.00110106 1 0.0904842 0.00852476 0.294297
FixedParameters: 0 0 0

#Transform 62
Transform: AffineTransform_float_3_3
Parameters: 1 0.000135896 -0.000110128 -0.000135103 0.999999 -0.000940984 0.000109873 0.000941014 0.999999 0.0463919 0.0541376 0.302857
FixedParameters: 0 0 0

#Transform 63
Transform: AffineTransform_float_3_3
Parameters: 1 0.000135864 -0.000110167 -0.000135135 0.999999 -0.00123199 0.000109834 0.00123202 0.999999 0.0466236 0.167324 0.409187
FixedParameters: 0 0 0

#Transform 64
Transform: AffineTransform_float_3_3
Parameters: 1 0.000135643 -0.000206235 -0.000135357 0.999999 -0.00173397 0.000205765 0.00173403 0.999998 0.045363 0.233859 0.584718
FixedParameters: 0 0 0

#Transform 65
Transform: AffineTransform_float_3_3
Parameters: 1 0.000135902 -0.000110121 -0.000135098 0.999999 -0.000892984 0.000109879 0.000892014 0.999999 0.0461325 0.166494 0.290424
FixedParameters: 0 0 0

#Transform 66
Transform: AffineTransform_float_3_3
Parameters: 1 0.000135845 -9.2229e-05 -0.000135155 0.999998 -0.00168499 9.17724e-05 0.00168501 0.999998 0.0416753 0.23557 0.590768
FixedParameters: 0 0 0

#Transform 67
Transform: AffineTransform_float_3_3
Parameters: 1 6.34697e-05 -0.000379089 -6.45302e-05 0.999999 -0.00139898 0.00037891 0.00139902 0.999999 0.0495093 0.225124 0.399515
FixedParameters: 0 0 0

#Transform 68
Transform: AffineTransform_float_3_3
Parameters: 1 0.000135868 -7.22493e-05 -0.000135132 0.999999 -0.00183399 7.17523e-05 0.00183401 0.999999 0.0463697 0.28594 0.601488
FixedParameters: 0 0 0

#Transform 69
Transform: AffineTransform_float_3_3
Parameters: 1 0.000135815 -0.000131192 -0.000135185 0.999999 -0.00140998 0.00013081 0.00141002 0.999999 0.05245 0.239938 0.442808
FixedParameters: 0 0 0

#Transform 70
Transform: AffineTransform_float_3_3
Parameters: 1 0.000135745 -0.000130266 -0.000135254 0.999998 -0.00195598 0.000129736 0.00195602 0.999998 0.0558459 0.261952 0.631182
FixedParameters: 0 0 0

#Transform 71
Transform: AffineTransform_float_3_3
Parameters: 1 0.000135926 -5.61803e-05 -0.000136074 0.999999 -0.00132599 5.58196e-05 0.00132601 0.999999 0.044285 0.212776 0.431333
FixedParameters: 0 0 0

#Transform 72
Transform: AffineTransform_float_3_3
Parameters: 1 0.000135881 -5.23106e-05 -0.000135119 0.999998 -0.00228499 5.16914e-05 0.00228501 0.999998 0.0449875 0.310673 0.75961
FixedParameters: 0 0 0

#Transform 73
Transform: AffineTransform_float_3_3
Parameters: 1 0.000136257 0.000118706 -0.000135742 0.999997 -0.00216301 -0.000119294 0.00216298 0.999997 0.014283 0.310843 0.739025
FixedParameters: 0 0 0

#Transform 74
Transform: AffineTransform_float_3_3
Parameters: 1 7.70414e-05 0.000389796 -7.59581e-05 0.999997 -0.00267103 -0.000390204 0.00267097 0.999997 -0.023473 0.382677 0.954673
FixedParameters: 0 0 0

#Transform 75
Transform: AffineTransform_float_3_3
Parameters: 0.999999 -0.000140484 0.000805442 0.000142514 0.999995 -0.00312389 -0.000804558 0.00312411 0.999995 -0.142312 0.427051 1.16045
FixedParameters: 0 0 0

#Transform 76
Transform: AffineTransform_float_3_3
Parameters: 0.999999 3.5209e-07 0.000801 1.35209e-06 0.999998 -0.001688 -0.000800999 0.001688 0.999999 -0.0982822 0.19255 0.666262
FixedParameters: 0 0 0

#Transform 77
Transform: AffineTransform_float_3_3
Parameters: 1 0.00021636 0.0003898 -0.00021564 0.999999 -0.000923083 -0.000390199 0.000922915 0.999999 0.020197 0.0251572 0.391777
FixedParameters: 0 0 0

#Transform 78
Transform: AffineTransform_float_3_3
Parameters: 1 0.00020198 -1.42789e-05 -0.000202019 0.999999 -0.001381 1.3721e-05 0.001381 0.999999 0.0431511 0.105893 0.5035
FixedParameters: 0 0 0

#Transform 79
Transform: AffineTransform_float_3_3
Parameters: 1 0.000452985 -1.44947e-05 -0.000453015 1 -0.00109199 1.35053e-05 0.00109201 1 0.14195 0.226108 0.392692
FixedParameters: 0 0 0

#Transform 80
Transform: AffineTransform_float_3_3
Parameters: 1 0.000109082 4.07802e-05 -0.000108919 0.999998 -0.002016 -4.02197e-05 0.002016 0.999998 0.0167786 0.326274 0.738191
FixedParameters: 0 0 0

#Transform 81
Transform: AffineTransform_float_3_3
Parameters: 1 9.89786e-05 -1.41503e-05 -9.90211e-05 0.999999 -0.001518 1.38497e-05 0.001518 0.999999 0.0179161 0.288833 0.521333
FixedParameters: 0 0 0

#Transform 82
Transform: AffineTransform_float_3_3
Parameters: 1 0.000188965 -1.446e-05 -0.000189034 0.999997 -0.002434 1.35399e-05 0.002434 0.999997 0.0487379 0.393117 0.864838
FixedParameters: 0 0 0

#Transform 83
Transform: AffineTransform_float_3_3
Parameters: 1 0.000142971 -1.42883e-05 -0.000142028 0.999998 -0.002016 1.37137e-05 0.002016 0.999998 0.0362597 0.3135 0.67507
FixedParameters: 0 0 0

#Transform 84
Transform: AffineTransform_float_3_3
Parameters: 1 0.000175834 0.000396631 -0.000175165 0.999998 -0.00210207 -0.000397369 0.00210193 0.999997 0.00811671 0.320549 0.785387
FixedParameters: 0 0 0

#Transform 85
Transform: AffineTransform_float_3_3
Parameters: 1 0.000168283 0.000129633 -0.000168718 0.999997 -0.00218402 -0.000129369 0.00218398 0.999997 0.0370532 0.3209 0.754125
FixedParameters: 0 0 0

#Transform 86
Transform: AffineTransform_float_3_3
Parameters: 1 0.000118388 0.000515683 -0.000116612 0.999997 -0.00269006 -0.000516316 0.00269094 0.999996 -0.0251689 0.401382 0.988217
FixedParameters: 0 0 0

#Transform 87
Transform: AffineTransform_float_3_3
Parameters: 0.999999 -6.96206e-05 0.00080121 7.23786e-05 0.999995 -0.00296994 -0.000800789 0.00297006 0.999996 -0.116776 0.411133 1.09263
FixedParameters: 0 0 0

#Transform 88
Transform: AffineTransform_float_3_3
Parameters: 0.999999 1.30595e-05 0.000798983 -1.19405e-05 0.999999 -0.00132601 -0.000799016 0.00132599 0.999999 -0.106221 0.152264 0.543321
FixedParameters: 0 0 0

#Transform 89
Transform: AffineTransform_float_3_3
Parameters: 1 0.000349084 0.000123762 -0.000348916 0.999999 -0.000683043 -0.000123238 0.000682957 1 0.093526 -0.00943877 0.249478
FixedParameters: 0 0 0

#Transform 90
Transform: AffineTransform_float_3_3
Parameters: 1 6.80114e-05 1.89593e-05 -6.79886e-05 1 -0.000599001 -1.90407e-05 0.000598998 1 0.000706793 -0.0457475 0.240242
FixedParameters: 0 0 0

#Transform 91
Transform: AffineTransform_float_3_3
Parameters: 1 -1.29325e-05 8.00109e-05 1.30675e-05 0.999999 -0.000843998 -7.9989e-05 0.000844 0.999999 -0.0363715 0.0926951 0.319257
FixedParameters: 0 0 0

#Transform 92
Transform: AffineTransform_float_3_3
Parameters: 1 -1.29226e-05 8.00125e-05 1.30773e-05 0.999999 -0.000966998 -7.99874e-05 0.000967 0.999999 -0.0239662 0.166272 0.348272
FixedParameters: 0 0 0

#Transform 93
Transform: AffineTransform_float_3_3
Parameters: 1 -1.28589e-05 8.00228e-05 1.3141e-05 0.999999 -0.001763 -7.9977e-05 0.001763 0.999999 -0.0239461 0.262394 0.627055
FixedParameters: 0 0 0

#Transform 94
Transform: AffineTransform_float_3_3
Parameters: 1 -7.59029e-05 7.11038e-05 7.60969e-05 0.999999 -0.00136599 -7.08961e-05 0.00136601 0.999999 -0.0450387 0.209592 0.469675
FixedParameters: 0 0 0

#Transform 95
Transform: AffineTransform_float_3_3
Parameters: 1 -1.29477e-05 3.10218e-05 1.30522e-05 0.999998 -0.001685 -3.0978e-05 0.001685 0.999998 -0.0189554 0.254258 0.573406
FixedParameters: 0 0 0

#Transform 96
Transform: AffineTransform_float_3_3
Parameters: 1 -1.27998e-05 0.000101026 1.32002e-05 0.999998 -0.001982 -0.000100974 0.001982 0.999998 -0.0260719 0.284713 0.675889
FixedParameters: 0 0 0

#Transform 97
Transform: AffineTransform_float_3_3
Parameters: 1 -1.17007e-05 0.000555029 1.33016e-05 0.999998 -0.00234099 -0.00055597 0.00234101 0.999997 -0.0793043 0.343065 0.859921
FixedParameters: 0 0 0

#Transform 98
Transform: AffineTransform_float_3_3
Parameters: 1 0.000179225 0.000441505 -0.000177774 0.999996 -0.00277208 -0.000442494 0.00277192 0.999996 -0.000468454 0.426409 0.988576
FixedParameters: 0 0 0

#Transform 99
Transform: AffineTransform_float_3_3
Parameters: 1 -1.14852e-05 0.000699027 1.25147e-05 0.999997 -0.00216699 -0.000698975 0.00216701 0.999998 -0.0870827 0.47488 0.772878
FixedParameters: 0 0 0

#Transform 100
Transform: AffineTransform_float_3_3
Parameters: 1 0.000145841 0.000555042 -0.000146159 1 0.000285919 -0.000555958 -0.000286081 1 -0.0302398 -0.0258562 -0.071925
FixedParameters: 0 0 0

#Transform 101
Transform: AffineTransform_float_3_3
Parameters: 0.999999 0.00051994 0.000555056 -0.00052006 1 0.000107711 -0.000555944 -0.000107289 1 0.0967196 -0.0823698 0.0528092
FixedParameters: 0 0 0

#Transform 102
Transform: AffineTransform_float_3_3
Parameters: 0.999999 0.000520122 0.000554885 -0.000520878 1 -0.000220289 -0.000555114 0.000219711 1 0.0983595 -0.0339936 0.185638
FixedParameters: 0 0 0

#Transform 103
Transform: AffineTransform_float_3_3
Parameters: 1 0.000520158 0.000330751 -0.000520842 1 -0.000478172 -0.000330249 0.000477828 1 0.12371 0.113178 0.250247
FixedParameters: 0 0 0

#Transform 104
Transform: AffineTransform_float_3_3
Parameters: 0.999999 0.000520086 0.00055492 -0.000520914 1 -0.000154289 -0.00055508 0.000154711 1 0.104683 0.152788 0.163738
FixedParameters: 0 0 0

#Transform 105
Transform: AffineTransform_float_3_3
Parameters: 1 0.000520056 0.000116751 -0.000519944 1 -0.000478061 -0.000117248 0.000477939 1 0.149949 0.197032 0.192123
FixedParameters: 0 0 0

#Transform 106
Transform: AffineTransform_float_3_3
Parameters: 1 0.000361057 5.46256e-05 -0.000360943 1 -0.00103702 -5.53743e-05 0.00103698 1 0.109262 0.32228 0.364701
FixedParameters: 0 0 0

#Transform 107
Transform: AffineTransform_float_3_3
Parameters: 1 0.000345157 9.34213e-05 -0.000344842 0.999998 -0.00167703 -9.45785e-05 0.00167697 0.999999 0.0969785 0.38292 0.576744
FixedParameters: 0 0 0

#Transform 108
Transform: AffineTransform_float_3_3
Parameters: 1 0.000520445 0.000446482 -0.000520556 1 -0.000996233 -0.000446519 0.000995769 1 0.12462 0.22562 0.41691
FixedParameters: 0 0 0

#Transform 109
Transform: AffineTransform_float_3_3
Parameters: 1 0.000464065 0.000204852 -0.000463935 1 -0.000318095 -0.000204147 0.000317905 1 0.127008 0.000876405 0.146732
FixedParameters: 0 0 0

#Transform 110
Transform: AffineTransform_float_3_3
Parameters: 0.999999 0.000520282 0.000554736 -0.000520718 0.999999 -0.000507289 -0.000555264 0.000507711 0.999999 0.113401 0.135724 0.277072
FixedParameters: 0 0 0

#Transform 111
Transform: AffineTransform_float_3_3
Parameters: 1 0.000520062 7.8587e-05 -0.000520937 0.999999 -0.00079404 -7.94136e-05 0.000793958 0.999999 0.162247 0.224211 0.278343
FixedParameters: 0 0 0

#Transform 112
Transform: AffineTransform_float_3_3
Parameters: 1 0.000520107 0.000103466 -0.000520894 1 -0.00102705 -0.000103535 0.00102695 1 0.153106 0.24827 0.382056
FixedParameters: 0 0 0

#Transform 113
Transform: AffineTransform_float_3_3
Parameters: 1 0.000428058 8.87205e-05 -0.000427942 0.999999 -0.000653038 -8.82794e-05 0.000652962 1 0.129033 0.178096 0.236993
FixedParameters: 0 0 0

#Transform 114
Transform: AffineTransform_float_3_3
Parameters: 1 0.000520032 3.04659e-05 -0.000519969 1 -0.00102702 -3.0534e-05 0.00102699 1 0.167228 0.274573 0.373381
FixedParameters: 0 0 0

#Transform 115
Transform: AffineTransform_float_3_3
Parameters: 1 0.000520104 0.00013961 -0.000520895 0.999999 -0.000749072 -0.00013939 0.000748927 0.999999 0.156046 0.28599 0.274286
FixedParameters: 0 0 0

#Transform 116
Transform: AffineTransform_float_3_3
Parameters: 1 0.000519973 -2.26401e-05 -0.000520028 0.999999 -0.00123099 2.23599e-05 0.00123101 0.999999 0.172672 0.335423 0.41134
FixedParameters: 0 0 0

#Transform 117
Transform: AffineTransform_float_3_3
Parameters: 1 0.000520173 0.000139356 -0.000520827 0.999999 -0.00123907 -0.000139645 0.00123893 0.999999 0.156086 0.314076 0.445299
FixedParameters: 0 0 0

#Transform 118
Transform: AffineTransform_float_3_3
Parameters: 1 0.000433205 0.000139363 -0.000432795 0.999999 -0.00147106 -0.000139637 0.00147194 0.999999 0.125656 0.315894 0.521236
FixedParameters: 0 0 0

#Transform 119
Transform: AffineTransform_float_3_3
Parameters: 1 0.000520276 0.000138971 -0.000520724 0.999998 -0.00197807 -0.00014003 0.00197793 0.999998 0.136237 0.384661 0.680135
FixedParameters: 0 0 0

#Transform 120
Transform: AffineTransform_float_3_3
Parameters: 1 0.000278329 0.000611397 -0.000276672 0.999997 -0.00217217 -0.000611603 0.00217283 0.999998 0.0188344 0.417456 0.805185
FixedParameters: 0 0 0

#Transform 121
Transform: AffineTransform_float_3_3
Parameters: 0.999999 0.000520287 0.00051571 -0.000520712 0.999999 -0.000557268 -0.00051629 0.000556731 0.999999 0.0963221 0.0945661 0.280967
FixedParameters: 0 0 0

#Transform 122
Transform: AffineTransform_float_3_3
Parameters: 1 0.000537071 0.000139728 -0.000536929 0.999999 -0.000506075 -0.000140272 0.000505925 1 0.140819 -0.0140713 0.261302
FixedParameters: 0 0 0

#Transform 123
Transform: AffineTransform_float_3_3
Parameters: 0.999999 0.000921031 3.00596e-05 -0.000920969 0.999999 -0.00102103 -3.09403e-05 0.00102097 1 0.279842 0.198267 0.41761
FixedParameters: 0 0 0

#Transform 124
Transform: AffineTransform_float_3_3
Parameters: 1 0.000239217 0.000139629 -0.000238784 0.999999 -0.00155303 -0.000139371 0.00155297 0.999999 0.0381168 0.264345 0.631689
FixedParameters: 0 0 0

#Transform 125
Transform: AffineTransform_float_3_3
Parameters: 1 7.13118e-05 0.000139842 -7.06879e-05 0.999998 -0.00222801 -0.000140158 0.00222799 0.999998 -0.0117594 0.394029 0.848372
FixedParameters: 0 0 0

#Transform 126
Transform: AffineTransform_float_3_3
Parameters: 1 0.000110271 0.000139786 -0.000109728 0.999998 -0.00194002 -0.000140213 0.00193998 0.999998 0.0131255 0.316358 0.690499
FixedParameters: 0 0 0

#Transform 127
Transform: AffineTransform_float_3_3
Parameters: 1 0.000239093 0.000139842 -0.000238907 1 -0.000662033 -0.000140158 0.000661966 1 0.0453943 0.0615763 0.253072
FixedParameters: 0 0 0

#Transform 128
Transform: AffineTransform_float_3_3
Parameters: 1 0.000239077 0.000139868 -0.000238922 1 -0.000553033 -0.000140132 0.000552966 1 0.0580145 0.0406496 0.225772
FixedParameters: 0 0 0

#Transform 129
Transform: AffineTransform_float_3_3
Parameters: 1 -0.000173794 0.000140256 0.000174206 0.999999 -0.00147298 -0.000139744 0.00147302 0.999999 -0.100835 0.126027 0.618228
FixedParameters: 0 0 0

#Transform 130
Transform: AffineTransform_float_3_3
Parameters: 1 -0.000260854 0.000140272 0.000261146 1 -0.00104296 -0.000139728 0.00104304 1 -0.132069 0.086675 0.406023
FixedParameters: 0 0 0

#Transform 131
Transform: AffineTransform_float_3_3
Parameters: 1 -0.000163822 0.000140208 0.000164178 0.999999 -0.00126998 -0.000139792 0.00127002 0.999999 -0.0890108 0.116974 0.492119
FixedParameters: 0 0 0

#Transform 132
Transform: AffineTransform_float_3_3
Parameters: 1 -0.000163973 2.6171e-05 0.000164027 1 -0.001043 -2.58289e-05 0.00104301 1 -0.0818289 0.0821783 0.390915
FixedParameters: 0 0 0

#Transform 133
Transform: AffineTransform_float_3_3
Parameters: 1 -0.000363854 0.00014038 0.000364146 1 -0.00104295 -0.00013962 0.00104305 1 -0.158194 0.0548523 0.405096
FixedParameters: 0 0 0

#Transform 134
Transform: AffineTransform_float_3_3
Parameters: 1 -0.00059081 0.0001408 0.00059119 0.999999 -0.00135392 -0.0001402 0.00135408 0.999999 -0.246298 0.0212448 0.561769
FixedParameters: 0 0 0

#Transform 135
Transform: AffineTransform_float_3_3
Parameters: 0.999999 -0.000710854 0.000140741 0.000711147 0.999999 -0.0010429 -0.000140258 0.0010431 1 -0.292982 -0.0189959 0.43287
FixedParameters: 0 0 0

#Transform 136
Transform: AffineTransform_float_3_3
Parameters: 0.999999 -0.000711045 -2.89114e-05 0.000710954 0.999998 -0.00153102 3.00885e-05 0.00153098 0.999999 -0.279994 0.0397713 0.588079
FixedParameters: 0 0 0

#Transform 137
Transform: AffineTransform_float_3_3
Parameters: 0.999999 -0.000710806 0.000140982 0.000711194 0.999999 -0.0013819 -0.000140018 0.0013811 0.999999 -0.292904 0.0616114 0.530983
FixedParameters: 0 0 0

#Transform 138
Transform: AffineTransform_float_3_3
Parameters: 0.999999 -0.000710791 0.000141053 0.000711208 0.999998 -0.0014819 -0.000139946 0.0014821 0.999999 -0.292424 0.0982388 0.566222
FixedParameters: 0 0 0

#Transform 139
Transform: AffineTransform_float_3_3
Parameters: 0.999999 -0.000710745 0.000141287 0.000711254 0.999998 -0.0018099 -0.000139713 0.0018101 0.999999 -0.286376 0.141368 0.639911
FixedParameters: 0 0 0

#Transform 140
Transform: AffineTransform_float_3_3
Parameters: 0.999999 -0.000805615 0.000142199 0.000806384 0.999996 -0.00272889 -0.0001398 0.00272911 0.999997 -0.306647 0.266478 0.930843
FixedParameters: 0 0 0

#Transform 141
Transform: AffineTransform_float_3_3
Parameters: 0.999999 -0.000710319 0.000307578 0.000710682 0.999998 -0.00221978 -0.000306423 0.00222022 0.999998 -0.290396 0.239729 0.778628
FixedParameters: 0 0 0

#Transform 142
Transform: AffineTransform_float_3_3
Parameters: 0.999999 -0.000710245 0.000474132 0.000710755 0.999999 -0.00159366 -0.000472867 0.00159434 0.999998 -0.337725 0.130897 0.570215
FixedParameters: 0 0 0

#Transform 143
Transform: AffineTransform_float_3_3
Parameters: 1 -0.000185963 7.50913e-05 0.000186037 1 -0.000490986 -7.49087e-05 0.000491014 1 -0.107276 -0.0971386 0.176869
FixedParameters: 0 0 0

#Transform 144
Transform: AffineTransform_float_3_3
Parameters: 1 -5.99965e-05 0.000140001 6.00035e-05 1 -2.49916e-05 -0.000139998 2.50084e-05 1 -0.0609067 -0.14842 0.0464795
FixedParameters: 0 0 0

#Transform 145
Transform: AffineTransform_float_3_3
Parameters: 1 -5.97944e-05 0.000140088 6.02054e-05 0.999999 -0.00146799 -0.000139912 0.00146801 0.999999 -0.064505 0.230045 0.549356
FixedParameters: 0 0 0

#Transform 146
Transform: AffineTransform_float_3_3
Parameters: 1 -0.000564327 0.000390973 0.000564673 0.999999 -0.00172378 -0.000390027 0.00172422 0.999999 -0.247802 0.233616 0.653781
FixedParameters: 0 0 0

#Transform 147
Transform: AffineTransform_float_3_3
Parameters: 1 -0.000564969 5.13339e-05 0.00056403 0.999999 -0.000590971 -5.06666e-05 0.000591028 1 -0.232223 -0.0686891 0.231104
FixedParameters: 0 0 0

#Transform 148
Transform: AffineTransform_float_3_3
Parameters: 1 -3.20376e-05 -0.000173993 3.19624e-05 1 -0.000216006 0.000174007 0.000215994 1 -0.0121519 -0.0868827 0.0409597
FixedParameters: 0 0 0

#Transform 149
Transform: AffineTransform_float_3_3
Parameters: 1 -0.000147124 -0.000157885 0.000146876 0.999999 -0.000784023 0.000158115 0.000783976 0.999999 -0.0602306 0.0934444 0.290018
FixedParameters: 0 0 0

#Transform 150
Transform: AffineTransform_float_3_3
Parameters: 1 4.88538e-05 -0.000262027 -4.91462e-05 1 -0.000557987 0.000261973 0.000558013 1 0.0267813 0.231592 0.141389
FixedParameters: 0 0 0

#Transform 151
Transform: AffineTransform_float_3_3
Parameters: 1 -1.23217e-05 -0.000261985 1.16783e-05 0.999999 -0.001228 0.000262015 0.001228 0.999999 0.00772669 0.237916 0.374025
FixedParameters: 0 0 0

#Transform 152
Transform: AffineTransform_float_3_3
Parameters: 1 0.000120007 -0.000191996 -0.000119993 1 3.6023e-05 0.000192004 -3.5977e-05 1 0.0507296 -0.0138293 -0.0509955
FixedParameters: 0 0 0

#Transform 153
Transform: AffineTransform_float_3_3
Parameters: 1 0.000127865 -0.000262066 -0.000127135 1 -0.000515967 0.000261934 0.000516033 1 0.060635 -0.0102802 0.184723
FixedParameters: 0 0 0

#Transform 154
Transform: AffineTransform_float_3_3
Parameters: 1 2.24445e-05 -0.000262048 -2.25554e-05 0.999998 -0.00211999 0.000261953 0.00212 0.999997 0.0239603 0.313244 0.750968
FixedParameters: 0 0 0

#Transform 155
Transform: AffineTransform_float_3_3
Parameters: 1 -1.92901e-05 -0.000201972 1.87099e-05 0.999999 -0.001436 0.000202027 0.001436 0.999999 0.00325833 0.286198 0.456237
FixedParameters: 0 0 0

#Transform 156
Transform: AffineTransform_float_3_3
Parameters: 1 5.97469e-05 -0.000119127 -5.92528e-05 0.999997 -0.00212599 0.000118874 0.00212601 0.999997 0.0222816 0.331232 0.713012
FixedParameters: 0 0 0

#Transform 157
Transform: AffineTransform_float_3_3
Parameters: 1 7.72854e-05 0.000196888 -7.77145e-05 0.999999 -0.00144902 -0.000197113 0.00144898 0.999999 -0.00400083 0.244377 0.521081
FixedParameters: 0 0 0

#Transform 158
Transform: AffineTransform_float_3_3
Parameters: 1 8.68781e-05 -0.000162065 -8.61218e-05 0.999999 -0.000751986 0.000161935 0.000752014 0.999999 0.0257198 -0.022766 0.293894
FixedParameters: 0 0 0

#Transform 159
Transform: AffineTransform_float_3_3
Parameters: 0.999999 -2.00097e-05 -0.000828976 1.89903e-05 1 -0.00121802 0.000829023 0.00121798 0.999999 0.0492425 0.0455507 0.351558
FixedParameters: 0 0 0

#Transform 160
Transform: AffineTransform_float_3_3
Parameters: 1 -0.000158822 -0.000514747 0.000158178 0.999998 -0.00159608 0.000515253 0.00159592 0.999998 -0.0131762 0.196534 0.529538
FixedParameters: 0 0 0

#Transform 161
Transform: AffineTransform_float_3_3
Parameters: 1 -1.98301e-05 -0.000315949 1.91698e-05 0.999996 -0.00262701 0.000316052 0.00262699 0.999997 0.0147967 0.447625 0.900818
FixedParameters: 0 0 0

#Transform 162
Transform: AffineTransform_float_3_3
Parameters: 1 -1.75275e-05 0.00100103 1.94725e-05 0.999999 -0.00147098 -0.00100097 0.00147102 0.999999 -0.0941094 0.425911 0.643262
FixedParameters: 0 0 0

#Transform 163
Transform: AffineTransform_float_3_3
Parameters: 0.999998 -0.000590496 0.00157407 0.000588503 0.999998 0.00158593 -0.00157494 -0.00158507 0.999998 -0.366784 -0.117303 -0.376751
FixedParameters: 0 0 0

#Transform 164
Transform: AffineTransform_float_3_3
Parameters: 0.999999 -0.00125308 0.000608791 0.00125193 0.999997 0.00176376 -0.000610209 -0.00176324 0.999999 -0.48443 -0.657161 -0.406035
FixedParameters: 0 0 0

#Transform 165
Transform: AffineTransform_float_3_3
Parameters: 1 -0.00105172 0.00041518 0.00105128 0.999998 0.00173144 -0.00041682 -0.00173056 0.999999 -0.39431 -0.604442 -0.374049
FixedParameters: 0 0 0

#Transform 166
Transform: AffineTransform_float_3_3
Parameters: 1 -0.0010992 0.000358403 0.00109881 0.999999 0.000543394 -0.000358597 -0.000542606 1 -0.405019 -0.363642 0.0561776
FixedParameters: 0 0 0

#Transform 167
Transform: AffineTransform_float_3_3
Parameters: 1 -0.00105981 0.000359557 0.00106019 1 -0.000525619 -0.000358443 0.00052538 1 -0.391638 -0.0508742 0.387836
FixedParameters: 0 0 0

#Transform 168
Transform: AffineTransform_float_3_3
Parameters: 0.999999 -0.000806793 0.000415401 0.000806205 0.999999 -0.000496665 -0.000414599 0.000497334 1 -0.309103 0.0684099 0.259321
FixedParameters: 0 0 0

#Transform 169
Transform: AffineTransform_float_3_3
Parameters: 0.999999 -0.00105891 0.00085934 0.00106009 0.999998 -0.00126409 -0.00085866 0.00126491 0.999999 -0.43478 0.0572619 0.583262
FixedParameters: 0 0 0

#Transform 170
Transform: AffineTransform_float_3_3
Parameters: 0.999999 -0.00106018 0.000795763 0.00105982 1 0.000223844 -0.000796237 -0.000223156 0.999999 -0.420307 -0.252513 0.0797508
FixedParameters: 0 0 0

#Transform 171
Transform: AffineTransform_float_3_3
Parameters: 1 -0.000993422 0.000357832 0.000992578 0.999999 0.00117636 -0.000359169 -0.00117664 0.999999 -0.368027 -0.464001 -0.262931
FixedParameters: 0 0 0

#Transform 172
Transform: AffineTransform_float_3_3
Parameters: 1 -0.00106022 0.000358351 0.00105978 1 0.00061238 -0.00035865 -0.00061262 0.999999 -0.396952 -0.351302 -0.069714
FixedParameters: 0 0 0

#Transform 173
Transform: AffineTransform_float_3_3
Parameters: 0.999999 -0.00128309 0.000358688 0.00128291 0.999999 0.00024346 -0.000359313 -0.000243539 1 -0.469248 -0.246655 0.0739485
FixedParameters: 0 0 0

#Transform 174
Transform: AffineTransform_float_3_3
Parameters: 1 -0.000900812 0.000359475 0.00090119 1 -0.000526676 -0.000358526 0.000526323 1 -0.336254 0.0499963 0.270225
FixedParameters: 0 0 0

#Transform 175
Transform: AffineTransform_float_3_3
Parameters: 0.999999 -0.000950035 0.000870056 0.000950966 0.999999 -0.00111017 -0.000868945 0.00111083 0.999999 -0.386233 0.0856833 0.516274
FixedParameters: 0 0 0

#Transform 176
Transform: AffineTransform_float_3_3
Parameters: 0.999998 -0.0011839 0.00117411 0.0011851 0.999999 -0.00093761 -0.00117289 0.00093939 0.999999 -0.497797 -0.00155343 0.473537
FixedParameters: 0 0 0

#Transform 177
Transform: AffineTransform_float_3_3
Parameters: 0.999999 -0.000975907 0.000359254 0.000976094 1 -0.00026065 -0.000358746 0.00026035 1 -0.344883 -0.292492 0.183369
FixedParameters: 0 0 0

#Transform 178
Transform: AffineTransform_float_3_3
Parameters: 0.999999 -0.00120327 -0.000310976 0.00120274 0.999999 -0.000851375 0.000312024 0.000850626 1 -0.372375 -0.308001 0.3956
FixedParameters: 0 0 0

#Transform 179
Transform: AffineTransform_float_3_3
Parameters: 0.999998 -0.00150206 -0.000575232 0.00150094 0.999997 -0.00184387 0.000578768 0.00184313 0.999998 -0.449453 -0.108585 0.671557
FixedParameters: 0 0 0

#Transform 180
Transform: AffineTransform_float_3_3
Parameters: 0.999999 -0.00127914 -0.000377158 0.00127786 0.999994 -0.00300548 0.000380842 0.00300452 0.999996 -0.382369 0.175819 1.05184
FixedParameters: 0 0 0

#Transform 181
Transform: AffineTransform_float_3_3
Parameters: 1 -0.00100803 0.000361723 0.00100897 0.999996 -0.00269964 -0.000359277 0.00270036 0.999997 -0.357873 0.208182 0.981371
FixedParameters: 0 0 0

#Transform 182
Transform: AffineTransform_float_3_3
Parameters: 0.999999 -0.000916894 6.64707e-05 0.000917106 0.999999 -0.00160394 -6.5529e-05 0.00160406 0.999998 -0.284596 0.0413921 0.549315
FixedParameters: 0 0 0

#Transform 183
Transform: AffineTransform_float_3_3
Parameters: 0.999999 -0.000836187 -0.000208249 0.000835812 0.999999 -0.000898174 0.00020975 0.000897825 0.999999 -0.237911 -0.229567 0.359258
FixedParameters: 0 0 0

#Transform 184
Transform: AffineTransform_float_3_3
Parameters: 1 -0.00116826 -0.000159122 0.00116774 0.999998 -0.00160819 0.000160879 0.00160881 0.999998 -0.358893 -0.146201 0.629532
FixedParameters: 0 0 0

#Transform 185
Transform: AffineTransform_float_3_3
Parameters: 1 -0.000963042 -0.000420624 0.000961959 0.999997 -0.00246841 0.000423376 0.00246859 0.999997 -0.260658 0.130587 0.895153
FixedParameters: 0 0 0

#Transform 186
Transform: AffineTransform_float_3_3
Parameters: 0.999999 -0.000836163 -6.49223e-05 0.000835835 0.999996 -0.00248505 6.70772e-05 0.00248494 0.999997 -0.251129 0.266618 0.86112
FixedParameters: 0 0 0

#Transform 187
Transform: AffineTransform_float_3_3
Parameters: 0.999999 -0.00123532 0.000471414 0.00123667 0.999993 -0.00357042 -0.000466588 0.00357058 0.999993 -0.438205 0.271904 1.26679
FixedParameters: 0 0 0

#Transform 188
Transform: AffineTransform_float_3_3
Parameters: 0.999998 -0.00146173 0.000771323 0.00146427 0.999994 -0.00295487 -0.000766676 0.00295612 0.999996 -0.548231 0.253065 1.07049
FixedParameters: 0 0 0

#Transform 189
Transform: AffineTransform_float_3_3
Parameters: 0.999999 -0.00129789 0.000426347 0.00129811 0.999999 -0.000267447 -0.000426653 0.000267554 1 -0.475284 -0.284393 0.124869
FixedParameters: 0 0 0

#Transform 190
Transform: AffineTransform_float_3_3
Parameters: 0.999999 -0.000997998 4.1477e-06 0.000998 0.999999 -0.000147996 -3.85229e-06 0.000148004 1 -0.308841 -0.352025 0.0782211
FixedParameters: 0 0 0

#Transform 191
Transform: AffineTransform_float_3_3
Parameters: 0.999999 -0.000835981 0.000185084 0.000836018 0.999999 -0.000100845 -0.000184915 0.000101155 1 -0.294879 -0.263069 0.137549
FixedParameters: 0 0 0

#Transform 192
Transform: AffineTransform_float_3_3
Parameters: 0.999999 -0.00123481 0.000193201 0.00123419 0.999999 -0.000972762 -0.000192799 0.000973238 0.999999 -0.43497 -0.108053 0.412968
FixedParameters: 0 0 0

#Transform 193
Transform: AffineTransform_float_3_3
Parameters: 0.999999 -0.000835479 0.000255706 0.000835518 0.999997 -0.00204179 -0.000253294 0.00204221 0.999998 -0.30219 0.20209 0.815897
FixedParameters: 0 0 0

#Transform 194
Transform: AffineTransform_float_3_3
