# transform file /out/sourcedata/freesurfer/sub-v1s1x0050655_ses-1/mri/transforms/cc_up.lta
# created by oesteban on Thu Mar 12 16:19:43 2026

type      = 0 # LINEAR_VOX_TO_VOX
nxforms   = 1
mean      = 125.0000 134.0000 115.0000
sigma     = 10000.0000
1 4 4
9.989048242568970e-01 -2.895260229706764e-02 3.675239533185959e-02 5.914834976196289e+00 
2.893302589654922e-02 9.995806813240051e-01 1.064523821696639e-03 1.035809612274170e+01 
-3.676780685782433e-02 0.000000000000000e+00 9.993237853050232e-01 3.162048530578613e+01 
0.000000000000000e+00 0.000000000000000e+00 0.000000000000000e+00 1.000000000000000e+00 
src volume info
valid = 1  # volume info valid
filename = /out/sourcedata/freesurfer/sub-v1s1x0050655_ses-1/mri/norm.mgz
volume = 256 256 256
voxelsize = 1.000000000000000e+00 1.000000000000000e+00 1.000000000000000e+00
xras   = -1.000000000000000e+00 0.000000000000000e+00 0.000000000000000e+00
yras   = 0.000000000000000e+00 0.000000000000000e+00 -1.000000000000000e+00
zras   = 0.000000000000000e+00 1.000000000000000e+00 0.000000000000000e+00
cras   = 5.000000000000000e-01 1.000000000000000e+00 1.000000000000000e+00
dst volume info
valid = 1  # volume info valid
filename = /out/sourcedata/freesurfer/sub-v1s1x0050655_ses-1/mri/norm.mgz
volume = 256 256 256
voxelsize = 1.000000000000000e+00 1.000000000000000e+00 1.000000000000000e+00
xras   = -1.000000000000000e+00 0.000000000000000e+00 0.000000000000000e+00
yras   = 0.000000000000000e+00 0.000000000000000e+00 -1.000000000000000e+00
zras   = 0.000000000000000e+00 1.000000000000000e+00 0.000000000000000e+00
cras   = 5.000000000000000e-01 1.000000000000000e+00 1.000000000000000e+00
