# transform file /out/sourcedata/freesurfer/sub-v1s1x0050661_ses-1/mri/transforms/cc_up.lta
# created by oesteban on Thu Mar 12 16:06:23 2026

type      = 0 # LINEAR_VOX_TO_VOX
nxforms   = 1
mean      = 129.0000 129.0000 122.0000
sigma     = 10000.0000
1 4 4
9.994558095932007e-01 1.546649541705847e-02 -2.913554385304451e-02 1.777191996574402e+00 
-1.545992773026228e-02 9.998804330825806e-01 4.506786644924432e-04 1.993930053710938e+01 
2.913902886211872e-02 0.000000000000000e+00 9.995753765106201e-01 7.319888591766357e+00 
0.000000000000000e+00 0.000000000000000e+00 0.000000000000000e+00 1.000000000000000e+00 
src volume info
valid = 1  # volume info valid
filename = /out/sourcedata/freesurfer/sub-v1s1x0050661_ses-1/mri/norm.mgz
volume = 256 256 256
voxelsize = 1.000000000000000e+00 1.000000000000000e+00 1.000000000000000e+00
xras   = -1.000000000000000e+00 0.000000000000000e+00 0.000000000000000e+00
yras   = 0.000000000000000e+00 0.000000000000000e+00 -1.000000000000000e+00
zras   = 0.000000000000000e+00 1.000000000000000e+00 0.000000000000000e+00
cras   = 2.000000000000000e+00 -2.200000000000000e+01 2.050000000000000e+01
dst volume info
valid = 1  # volume info valid
filename = /out/sourcedata/freesurfer/sub-v1s1x0050661_ses-1/mri/norm.mgz
volume = 256 256 256
voxelsize = 1.000000000000000e+00 1.000000000000000e+00 1.000000000000000e+00
xras   = -1.000000000000000e+00 0.000000000000000e+00 0.000000000000000e+00
yras   = 0.000000000000000e+00 0.000000000000000e+00 -1.000000000000000e+00
zras   = 0.000000000000000e+00 1.000000000000000e+00 0.000000000000000e+00
cras   = 2.000000000000000e+00 -2.200000000000000e+01 2.050000000000000e+01
