#Insight Transform File V1.0
#Transform 0
Transform: AffineTransform_float_3_3
Parameters: 0.999999 -0.000495917 0.0012888 0.00049808 0.999998 -0.00161536 -0.0012872 0.00161664 0.999998 -0.286911 0.220046 0.701017
FixedParameters: 0 0 0

#Transform 1
Transform: AffineTransform_float_3_3
Parameters: 1 5.77831e-05 0.000628928 -5.72168e-05 0.999999 -0.00124504 -0.000629072 0.00124496 0.999999 -0.0176379 0.351551 0.318532
FixedParameters: 0 0 0

#Transform 2
Transform: AffineTransform_float_3_3
Parameters: 1 0.000217015 0.000288989 -0.000216985 1 -5.20627e-05 -0.000289011 5.19373e-05 1 0.0737023 -0.0263921 -0.0912559
FixedParameters: 0 0 0

#Transform 3
Transform: AffineTransform_float_3_3
Parameters: 1 0.000416087 0.000345895 -0.000415912 1 -0.000253144 -0.000346105 0.000252856 1 0.109531 0.123715 0.0206097
FixedParameters: 0 0 0

#Transform 4
Transform: AffineTransform_float_3_3
Parameters: 0.999999 0.000806933 0.000791048 -0.000806066 0.999999 -0.00117964 -0.000791951 0.00117936 0.999999 0.114776 0.523968 0.340278
FixedParameters: 0 0 0

#Transform 5
Transform: AffineTransform_float_3_3
Parameters: 0.999999 0.00127286 0.000494365 -0.00127214 0.999999 0.000286371 -0.000494634 -0.00028763 1 0.312237 0.198055 -0.165579
FixedParameters: 0 0 0

#Transform 6
Transform: AffineTransform_float_3_3
Parameters: 1 0.00066099 4.41447e-05 -0.00066101 1 0.000218971 -4.48552e-05 -0.00021903 1 0.228519 0.119415 -0.191745
FixedParameters: 0 0 0

#Transform 7
Transform: AffineTransform_float_3_3
Parameters: 0.999999 0.000716299 0.0003564 -0.000716701 1 -0.000838256 -0.0003566 0.000837745 0.999999 0.159228 0.429235 0.201941
FixedParameters: 0 0 0

#Transform 8
Transform: AffineTransform_float_3_3
Parameters: 1 0.000687986 8.11183e-05 -0.000688014 0.999999 0.000171944 -8.08816e-05 -0.000172056 1 0.212985 0.117457 -0.132784
FixedParameters: 0 0 0

#Transform 9
Transform: AffineTransform_float_3_3
Parameters: 0.999999 0.000708179 0.000192343 -0.000708822 1 -0.000927136 -0.000192657 0.000926864 0.999999 0.189084 0.384479 0.214287
FixedParameters: 0 0 0

#Transform 10
Transform: AffineTransform_float_3_3
Parameters: 1 0.000623997 -0.000124016 -0.000624003 1 -2.59226e-05 0.000123984 2.60774e-05 1 0.235132 0.188226 -0.108143
FixedParameters: 0 0 0

#Transform 11
Transform: AffineTransform_float_3_3
Parameters: 1 0.000554042 9.7759e-05 -0.000553957 1 -0.000435054 -9.82409e-05 0.000434945 1 0.185447 0.223694 0.0762135
FixedParameters: 0 0 0

#Transform 12
Transform: AffineTransform_float_3_3
Parameters: 0.999999 0.000787989 -2.5342e-05 -0.00078801 0.999999 -0.00043398 2.4658e-05 0.000434019 1 0.254263 0.346832 0.0224754
FixedParameters: 0 0 0

#Transform 13
Transform: AffineTransform_float_3_3
Parameters: 1 0.000157974 0.000129031 -0.000158026 1 0.00019798 -0.000128969 -0.00019802 1 0.0436701 -0.0215309 -0.101106
FixedParameters: 0 0 0

#Transform 14
Transform: AffineTransform_float_3_3
Parameters: 0.999999 0.00072102 3.4571e-05 -0.000720979 0.999999 -0.000595025 -3.4429e-05 0.000594975 1 0.222067 0.355346 0.107159
FixedParameters: 0 0 0

#Transform 15
Transform: AffineTransform_float_3_3
Parameters: 0.999999 0.000678195 -0.000392663 -0.000677804 0.999999 0.000496266 0.000393337 -0.000496733 1 0.280464 0.0519966 -0.279675
FixedParameters: 0 0 0

#Transform 16
Transform: AffineTransform_float_3_3
Parameters: 1 0.000215263 0.000385853 -0.000214737 0.999999 -0.000682083 -0.000385146 0.000681917 0.999999 0.00241141 0.218732 0.218263
FixedParameters: 0 0 0

#Transform 17
Transform: AffineTransform_float_3_3
Parameters: 1 0.000463989 0.000245021 -0.000464011 1 4.58863e-05 -0.000244979 -4.61137e-05 1 0.105119 0.184939 -0.0462912
FixedParameters: 0 0 0

#Transform 18
Transform: AffineTransform_float_3_3
Parameters: 1 0.000230043 0.000153935 -0.000230957 1 -0.000281036 -0.000154065 0.000280965 1 0.0462241 0.109862 0.0865938
FixedParameters: 0 0 0

#Transform 19
Transform: AffineTransform_float_3_3
Parameters: 1 0.00022994 -8.01718e-05 -0.00023006 0.999999 -0.000746981 8.08281e-05 0.000747018 0.999999 0.0856811 0.288823 0.158881
FixedParameters: 0 0 0

#Transform 20
Transform: AffineTransform_float_3_3
Parameters: 1 3.50157e-05 0.000144996 -3.49843e-05 1 -0.000108005 -0.000145004 0.000107995 1 0.000152379 0.00791243 0.0466862
FixedParameters: 0 0 0

#Transform 21
Transform: AffineTransform_float_3_3
Parameters: 1 0.000230144 0.000160794 -0.000230856 0.999999 -0.000895036 -0.000161207 0.000894962 0.999999 0.0522838 0.321189 0.255829
FixedParameters: 0 0 0

#Transform 22
Transform: AffineTransform_float_3_3
Parameters: 1 0.000229933 -0.000581026 -0.000230067 1 -0.000114866 0.000580973 0.000115134 1 0.16192 0.0787355 -0.105191
FixedParameters: 0 0 0

#Transform 23
Transform: AffineTransform_float_3_3
Parameters: 1 0.000229667 -0.000467164 -0.000230333 0.999999 -0.000712892 0.000466836 0.000713107 0.999999 0.161391 0.23131 0.0902472
FixedParameters: 0 0 0

#Transform 24
Transform: AffineTransform_float_3_3
Parameters: 1 0.000229881 -0.000434063 -0.000230119 1 -0.0002739 0.000433937 0.0002741 1 0.15579 0.171363 -0.0554576
FixedParameters: 0 0 0

#Transform 25
Transform: AffineTransform_float_3_3
Parameters: 1 0.000230072 -0.000580971 -0.000230928 1 0.000124134 0.000581028 -0.000123866 1 0.182064 0.0494094 -0.181036
FixedParameters: 0 0 0

#Transform 26
Transform: AffineTransform_float_3_3
Parameters: 1 0.000400003 2.5848e-06 -0.000399998 1 -0.001038 -2.4152e-06 0.001038 0.999999 0.113629 0.381588 0.267465
FixedParameters: 0 0 0

#Transform 27
Transform: AffineTransform_float_3_3
Parameters: 1 0.000230241 -0.000580904 -0.000230759 1 0.000415134 0.000581096 -0.000414866 0.999999 0.183297 -0.0291224 -0.248154
FixedParameters: 0 0 0

#Transform 28
Transform: AffineTransform_float_3_3
Parameters: 1 0.000229854 -0.000156215 -0.000230146 0.999999 -0.000934963 0.000155785 0.000935035 0.999999 0.0969294 0.321215 0.234398
FixedParameters: 0 0 0

#Transform 29
Transform: AffineTransform_float_3_3
Parameters: 1 0.000306128 -0.000349888 -0.000305871 1 0.000367107 0.000350112 -0.000366893 1 0.151225 -0.0191465 -0.162444
FixedParameters: 0 0 0

#Transform 30
Transform: AffineTransform_float_3_3
Parameters: 1 0.000556761 -0.000319417 -0.000557238 0.999999 -0.000748822 0.000318582 0.000749177 0.999999 0.217657 0.330849 0.161955
FixedParameters: 0 0 0

#Transform 31
Transform: AffineTransform_float_3_3
Parameters: 0.999999 0.000601359 -0.000750711 -0.00060064 0.999999 0.000479451 0.000751287 -0.000478548 0.999999 0.292486 0.0153411 -0.276347
FixedParameters: 0 0 0

#Transform 32
Transform: AffineTransform_float_3_3
Parameters: 0.999999 0.00078684 -0.000510246 -0.000787159 0.999999 -0.000312598 0.000509753 0.000313401 1 0.310764 0.304115 -0.0109512
FixedParameters: 0 0 0

#Transform 33
Transform: AffineTransform_float_3_3
Parameters: 0.999999 0.000692157 -0.000599819 -0.000691843 0.999999 0.000261415 0.000599181 -0.000261585 1 0.295656 0.073021 -0.178152
FixedParameters: 0 0 0

#Transform 34
Transform: AffineTransform_float_3_3
Parameters: 1 0.000835955 -0.000798047 -0.000836045 0.999999 -5.63328e-05 0.000797953 5.66671e-05 0.999999 0.374866 0.242761 -0.146447
FixedParameters: 0 0 0

#Transform 35
Transform: AffineTransform_float_3_3
Parameters: 1 0.000891956 -0.000600066 -0.000892044 0.999999 -7.34647e-05 0.000599935 7.35351e-05 1 0.374866 0.139687 -0.072195
FixedParameters: 0 0 0

#Transform 36
Transform: AffineTransform_float_3_3
Parameters: 1 0.000954325 -0.00067196 -0.000954676 0.999999 -0.00100536 0.00067104 0.00100664 1 0.381048 0.38898 0.187154
FixedParameters: 0 0 0

#Transform 37
Transform: AffineTransform_float_3_3
Parameters: 0.999999 0.00101685 -0.000970153 -0.00101615 1 -0.000150014 0.000969847 0.000150986 0.999999 0.462829 0.245093 -0.139337
FixedParameters: 0 0 0

#Transform 38
Transform: AffineTransform_float_3_3
Parameters: 1 0.00084016 -0.000686805 -0.00084084 0.999999 0.000232577 0.000687196 -0.000232423 0.999999 0.360368 0.120587 -0.186316
FixedParameters: 0 0 0

#Transform 39
Transform: AffineTransform_float_3_3
Parameters: 0.999999 0.00113839 -0.000842829 -0.00113861 0.999999 -0.000727041 0.000842172 0.00072796 1 0.47749 0.44798 0.0522199
FixedParameters: 0 0 0

#Transform 40
Transform: AffineTransform_float_3_3
Parameters: 1 0.00092106 -0.000686919 -0.000920939 0.999999 8.86326e-05 0.000687081 -8.73672e-05 1 0.382764 0.134897 -0.140578
FixedParameters: 0 0 0

#Transform 41
Transform: AffineTransform_float_3_3
Parameters: 1 0.000909599 -0.000548666 -0.000909402 1 -0.000731501 0.000548334 0.000732499 0.999999 0.345045 0.401908 0.116678
FixedParameters: 0 0 0

#Transform 42
Transform: AffineTransform_float_3_3
Parameters: 0.999999 0.000914218 -0.000851767 -0.000913784 1 0.000254779 0.000852233 -0.000254221 0.999999 0.403573 0.16819 -0.225848
FixedParameters: 0 0 0

#Transform 43
Transform: AffineTransform_float_3_3
Parameters: 0.999999 0.000731785 -0.000606259 -0.000732214 0.999999 -0.000354556 0.00060574 0.000354443 1 0.307749 0.231873 0.0129405
FixedParameters: 0 0 0

#Transform 44
Transform: AffineTransform_float_3_3
Parameters: 1 0.00105779 -0.000606365 -0.00105721 1 -0.000344359 0.000605636 0.000344641 1 0.40867 0.373681 0.00044701
FixedParameters: 0 0 0

#Transform 45
Transform: AffineTransform_float_3_3
Parameters: 1 0.000822939 -0.000606083 -0.000823061 0.999999 -0.000100501 0.000605917 0.000101499 1 0.325028 0.144041 -0.0504598
FixedParameters: 0 0 0

#Transform 46
Transform: AffineTransform_float_3_3
Parameters: 0.999999 0.00103961 -0.000802502 -0.00103939 1 -0.000482166 0.000802498 0.000482835 0.999999 0.427077 0.378875 0.00985812
FixedParameters: 0 0 0

#Transform 47
Transform: AffineTransform_float_3_3
Parameters: 1 0.000842009 -0.00078999 -0.000841991 0.999999 1.16652e-05 0.00079001 -1.13348e-05 0.999999 0.369944 0.127026 -0.119668
FixedParameters: 0 0 0

#Transform 48
Transform: AffineTransform_float_3_3
Parameters: 0.999998 0.00114237 -0.0011996 -0.00114263 0.999999 -0.00052563 0.0011994 0.000526371 0.999999 0.526788 0.403928 -0.036664
FixedParameters: 0 0 0

#Transform 49
Transform: AffineTransform_float_3_3
Parameters: 0.999999 0.000859297 -0.00121079 -0.000858702 0.999999 0.00024604 0.00121121 -0.000244959 0.999999 0.438634 0.078828 -0.262807
FixedParameters: 0 0 0

#Transform 50
Transform: AffineTransform_float_3_3
Parameters: 0.999999 0.000944983 -0.000987973 -0.000946017 0.999999 -0.00102907 0.000987027 0.00102993 0.999999 0.428446 0.44853 0.160344
FixedParameters: 0 0 0

#Transform 51
Transform: AffineTransform_float_3_3
Parameters: 1 0.0007763 -0.000916746 -0.0007757 0.999999 0.000327711 0.000916254 -0.000327289 0.999999 0.351468 0.0564168 -0.206396
FixedParameters: 0 0 0

#Transform 52
Transform: AffineTransform_float_3_3
Parameters: 1 0.000735432 -0.000734571 -0.000736569 1 -0.00077446 0.000733431 0.00077454 1 0.320793 0.318503 0.140986
FixedParameters: 0 0 0

#Transform 53
Transform: AffineTransform_float_3_3
Parameters: 0.999999 0.00124702 -0.000952971 -0.00124698 0.999999 2.31884e-05 0.000953027 -2.18116e-05 0.999999 0.515108 0.290618 -0.141811
FixedParameters: 0 0 0

#Transform 54
Transform: AffineTransform_float_3_3
Parameters: 0.999999 0.000738353 -0.00123279 -0.000737647 0.999999 0.00028691 0.00123321 -0.00028609 0.999999 0.40084 0.109939 -0.276691
FixedParameters: 0 0 0

#Transform 55
Transform: AffineTransform_float_3_3
Parameters: 0.999998 0.00124635 -0.00154353 -0.00124765 0.999999 -0.000421075 0.00154247 0.000422923 0.999998 0.614667 0.406808 -0.151062
FixedParameters: 0 0 0

#Transform 56
Transform: AffineTransform_float_3_3
Parameters: 0.999998 0.000979645 -0.00160961 -0.000979357 1 0.000400577 0.00161039 -0.000399423 0.999998 0.540951 0.0837915 -0.393018
FixedParameters: 0 0 0

#Transform 57
Transform: AffineTransform_float_3_3
Parameters: 0.999999 0.00124642 -0.00137352 -0.00124758 0.999999 -0.000418287 0.00137348 0.000420713 0.999999 0.585939 0.394055 -0.115919
FixedParameters: 0 0 0

#Transform 58
Transform: AffineTransform_float_3_3
Parameters: 0.999998 0.000842649 -0.00140461 -0.000842351 0.999999 0.000462184 0.00140439 -0.000461817 0.999999 0.458728 0.0518984 -0.343159
FixedParameters: 0 0 0

#Transform 59
Transform: AffineTransform_float_3_3
Parameters: 0.999999 0.000827554 -0.00100837 -0.000828448 1 -0.000443165 0.00100863 0.000443835 1 0.386459 0.271113 0.00453871
FixedParameters: 0 0 0

#Transform 60
Transform: AffineTransform_float_3_3
Parameters: 0.999999 0.00124713 -0.00135788 -0.00124687 0.999999 9.66933e-05 0.00135812 -9.53064e-05 0.999999 0.583446 0.284471 -0.242991
FixedParameters: 0 0 0

#Transform 61
Transform: AffineTransform_float_3_3
Parameters: 0.999999 0.00076963 -0.00112357 -0.00076937 0.999999 0.000560865 0.00112343 -0.000560136 0.999999 0.380014 0.0525834 -0.297871
FixedParameters: 0 0 0

#Transform 62
Transform: AffineTransform_float_3_3
Parameters: 0.999998 0.00124662 -0.00124738 -0.00124738 0.999999 -0.000303445 0.00124762 0.000305556 0.999999 0.564741 0.372116 -0.0989626
FixedParameters: 0 0 0

#Transform 63
Transform: AffineTransform_float_3_3
Parameters: 0.999999 0.00124766 -0.00123633 -0.00124734 0.999999 0.000536543 0.00123667 -0.000534458 0.999999 0.559074 0.134734 -0.326497
FixedParameters: 0 0 0

#Transform 64
Transform: AffineTransform_float_3_3
Parameters: 1 0.000745355 -0.000845687 -0.000744645 0.999999 0.00041963 0.000846313 -0.000419369 0.999999 0.316949 0.0620745 -0.194915
FixedParameters: 0 0 0

#Transform 65
Transform: AffineTransform_float_3_3
Parameters: 0.999999 0.00124666 -0.000845504 -0.00124734 0.999999 -0.000403946 0.000844495 0.000405053 0.999999 0.481968 0.381385 0.0183745
FixedParameters: 0 0 0

#Transform 66
Transform: AffineTransform_float_3_3
Parameters: 0.999999 0.00124749 -0.000863295 -0.00124751 0.999999 0.000566078 0.000864706 -0.000564922 1 0.486375 0.14566 -0.23947
FixedParameters: 0 0 0

#Transform 67
Transform: AffineTransform_float_3_3
Parameters: 0.999999 0.00124727 -0.000825599 -0.00124673 0.999999 0.00032203 0.0008264 -0.00032097 0.999999 0.477848 0.222719 -0.185894
FixedParameters: 0 0 0

#Transform 68
Transform: AffineTransform_float_3_3
Parameters: 0.999999 0.00124697 -0.000932037 -0.00124703 0.999999 -2.98378e-05 0.000931961 3.11622e-05 0.999999 0.497273 0.336316 -0.104717
FixedParameters: 0 0 0

#Transform 69
Transform: AffineTransform_float_3_3
Parameters: 0.999999 0.00124724 -0.000818635 -0.00124676 0.999999 0.000293021 0.000818364 -0.00029198 0.999999 0.471406 0.146496 -0.134404
FixedParameters: 0 0 0

#Transform 70
Transform: AffineTransform_float_3_3
Parameters: 0.999998 0.00148318 -0.00122778 -0.00148382 0.999999 0.000147822 0.00122822 -0.000145179 0.999999 0.60437 0.345133 -0.192926
FixedParameters: 0 0 0

#Transform 71
Transform: AffineTransform_float_3_3
Parameters: 0.999998 0.00120207 -0.00120093 -0.00120093 0.999999 0.000891443 0.00120207 -0.000889556 0.999999 0.513148 0.0353199 -0.365765
FixedParameters: 0 0 0

#Transform 72
Transform: AffineTransform_float_3_3
Parameters: 0.999998 0.00142499 -0.000907007 -0.001425 0.999999 -4.70751e-06 0.000906991 6.29246e-06 0.999999 0.533573 0.341229 -0.0966753
FixedParameters: 0 0 0

#Transform 73
Transform: AffineTransform_float_3_3
Parameters: 0.999999 0.00139404 -0.00122783 -0.00139297 0.999998 0.000843711 0.00122818 -0.000842289 0.999999 0.577277 0.0655192 -0.387506
FixedParameters: 0 0 0

#Transform 74
Transform: AffineTransform_float_3_3
Parameters: 0.999998 0.00137081 -0.000819309 -0.00137118 0.999999 -0.000224877 0.00081869 0.000226122 0.999999 0.498076 0.333869 0.0170251
FixedParameters: 0 0 0

#Transform 75
Transform: AffineTransform_float_3_3
Parameters: 0.999999 0.00131675 -0.00127523 -0.00131625 0.999999 0.000587679 0.00127577 -0.000586321 0.999999 0.559965 0.17889 -0.334939
FixedParameters: 0 0 0

#Transform 76
Transform: AffineTransform_float_3_3
Parameters: 0.999998 0.00116418 -0.00127492 -0.00116282 0.999999 0.000924484 0.00127607 -0.000922515 0.999999 0.513347 0.048075 -0.394074
FixedParameters: 0 0 0

#Transform 77
Transform: AffineTransform_float_3_3
Parameters: 0.999998 0.00150513 -0.00127585 -0.00150487 0.999999 0.00010092 0.00127615 -9.90794e-05 0.999999 0.620168 0.350818 -0.179411
FixedParameters: 0 0 0

#Transform 78
Transform: AffineTransform_float_3_3
Parameters: 0.999999 0.00103279 -0.000851042 -0.00103121 0.999999 0.000928879 0.000851957 -0.000927121 0.999999 0.381464 -0.0216358 -0.30595
FixedParameters: 0 0 0

#Transform 79
Transform: AffineTransform_float_3_3
Parameters: 0.999999 0.00141302 -0.00117397 -0.00141298 0.999999 2.16588e-05 0.00117403 -1.93411e-05 1 0.565905 0.3432 -0.119223
FixedParameters: 0 0 0

#Transform 80
Transform: AffineTransform_float_3_3
Parameters: 0.999999 0.00121376 -0.000705693 -0.00121224 0.999998 0.00107786 0.000706307 -0.00107714 0.999999 0.414352 -0.000944135 -0.321786
FixedParameters: 0 0 0

#Transform 81
Transform: AffineTransform_float_3_3
Parameters: 0.999998 0.00143019 -0.000706616 -0.00142981 0.999999 0.000269011 0.000706384 -0.00026799 0.999999 0.483498 0.280291 -0.0987854
FixedParameters: 0 0 0

#Transform 82
Transform: AffineTransform_float_3_3
Parameters: 0.999999 0.00101992 -0.000812852 -0.00101908 0.999999 0.00112683 0.000814149 -0.00112617 0.999999 0.371057 -0.0216112 -0.348669
FixedParameters: 0 0 0

#Transform 83
Transform: AffineTransform_float_3_3
Parameters: 0.999998 0.00126205 -0.00107494 -0.00126195 0.999999 4.93566e-05 0.00107506 -4.76433e-05 1 0.492118 0.265636 -0.0856426
FixedParameters: 0 0 0

#Transform 84
Transform: AffineTransform_float_3_3
Parameters: 0.999999 0.00121288 -0.000807678 -0.00121112 0.999998 0.00109098 0.000809321 -0.00109002 0.999999 0.431245 0.00257438 -0.330113
FixedParameters: 0 0 0

#Transform 85
Transform: AffineTransform_float_3_3
Parameters: 0.999998 0.00152607 -0.00115191 -0.00152593 0.999999 6.07579e-05 0.00115209 -5.92419e-05 1 0.588841 0.30972 -0.0938014
FixedParameters: 0 0 0

#Transform 86
Transform: AffineTransform_float_3_3
Parameters: 0.999999 0.0011802 -0.00122485 -0.0011798 0.999999 0.000978446 0.00122616 -0.000977554 0.999999 0.49126 -0.0121875 -0.368495
FixedParameters: 0 0 0

#Transform 87
Transform: AffineTransform_float_3_3
Parameters: 0.999998 0.00150005 -0.00130994 -0.00149994 0.999999 4.29649e-05 0.00131006 -4.10349e-05 0.999999 0.607304 0.328463 -0.116825
FixedParameters: 0 0 0

#Transform 88
Transform: AffineTransform_float_3_3
Parameters: 0.999999 0.00129814 -0.00125082 -0.00129686 0.999998 0.000912623 0.00125218 -0.000911376 0.999999 0.533066 0.0314429 -0.352798
FixedParameters: 0 0 0

#Transform 89
Transform: AffineTransform_float_3_3
Parameters: 0.999998 0.0013572 -0.00141581 -0.0013568 0.999999 0.000142921 0.00141519 -0.00014108 0.999999 0.579806 0.257302 -0.156986
FixedParameters: 0 0 0

#Transform 90
Transform: AffineTransform_float_3_3
Parameters: 0.999998 0.00139335 -0.00131857 -0.00139165 0.999998 0.00102584 0.00132043 -0.00102316 0.999998 0.574743 0.0355797 -0.401417
FixedParameters: 0 0 0

#Transform 91
Transform: AffineTransform_float_3_3
Parameters: 0.999998 0.00145513 -0.00135886 -0.00145487 0.999999 9.79772e-05 0.00135914 -9.60225e-05 0.999999 0.620528 0.281351 -0.131756
FixedParameters: 0 0 0

#Transform 92
Transform: AffineTransform_float_3_3
Parameters: 0.999998 0.00136557 -0.00136744 -0.00136443 0.999999 0.00114687 0.00136857 -0.00114513 0.999999 0.574208 0.0100155 -0.441647
FixedParameters: 0 0 0

#Transform 93
Transform: AffineTransform_float_3_3
Parameters: 0.999998 0.00152304 -0.00121795 -0.00152396 0.999999 3.58562e-05 0.00121805 -3.41449e-05 1 0.599109 0.311147 -0.0831525
FixedParameters: 0 0 0

#Transform 94
Transform: AffineTransform_float_3_3
Parameters: 0.999997 0.00166643 -0.00138528 -0.00166557 0.999998 0.00103231 0.00138672 -0.00102969 0.999998 0.678705 0.137178 -0.418792
FixedParameters: 0 0 0

#Transform 95
Transform: AffineTransform_float_3_3
Parameters: 0.999998 0.00166583 -0.00127892 -0.00166517 0.999999 0.000652131 0.00128008 -0.000649869 0.999999 0.654661 0.16833 -0.294922
FixedParameters: 0 0 0

#Transform 96
Transform: AffineTransform_float_3_3
Parameters: 0.999997 0.00173228 -0.0013834 -0.00173072 0.999998 0.000925396 0.0013846 -0.000922603 0.999998 0.693514 0.217875 -0.39891
FixedParameters: 0 0 0

#Transform 97
Transform: AffineTransform_float_3_3
Parameters: 0.999997 0.00150806 -0.001596 -0.00150694 0.999998 0.000664406 0.001597 -0.000662593 0.999998 0.661866 0.139201 -0.36266
FixedParameters: 0 0 0

#Transform 98
Transform: AffineTransform_float_3_3
Parameters: 0.999997 0.00166625 -0.00191291 -0.00166475 0.999999 0.000655187 0.00191409 -0.000651813 0.999998 0.778437 0.252558 -0.413286
FixedParameters: 0 0 0

#Transform 99
Transform: AffineTransform_float_3_3
Parameters: 0.999997 0.0016662 -0.00131949 -0.0016648 0.999998 0.000909199 0.00132151 -0.0009068 0.999998 0.661583 0.117036 -0.358895
FixedParameters: 0 0 0

#Transform 100
Transform: AffineTransform_float_3_3
Parameters: 0.999997 0.00166564 -0.00132019 -0.00166536 0.999998 0.000485199 0.00132181 -0.000482799 0.999999 0.665761 0.285871 -0.249538
FixedParameters: 0 0 0

#Transform 101
Transform: AffineTransform_float_3_3
Parameters: 0.999998 0.0016663 -0.00160465 -0.0016647 0.999999 0.000811674 0.00160635 -0.000808326 0.999999 0.70969 0.115122 -0.389343
FixedParameters: 0 0 0

#Transform 102
Transform: AffineTransform_float_3_3
Parameters: 0.999997 0.00190183 -0.00161502 -0.00190117 0.999998 0.000517072 0.00161598 -0.000513928 0.999998 0.791948 0.325306 -0.325281
FixedParameters: 0 0 0

#Transform 103
Transform: AffineTransform_float_3_3
Parameters: 0.999997 0.00174405 -0.00181003 -0.00174195 0.999998 0.00113316 0.00181197 -0.00112984 0.999997 0.777444 0.0827581 -0.552014
FixedParameters: 0 0 0

#Transform 104
Transform: AffineTransform_float_3_3
Parameters: 0.999996 0.00210049 -0.00181743 -0.00209951 0.999998 0.000273817 0.00181857 -0.000270181 0.999999 0.883672 0.41364 -0.269714
FixedParameters: 0 0 0

#Transform 105
Transform: AffineTransform_float_3_3
Parameters: 0.999998 0.00155949 -0.00131924 -0.00155851 0.999998 0.00113206 0.00132176 -0.00112994 0.999999 0.627566 0.0195618 -0.450212
FixedParameters: 0 0 0

#Transform 106
Transform: AffineTransform_float_3_3
Parameters: 0.999998 0.00179829 -0.0013206 -0.00179771 0.999999 0.000221375 0.0013214 -0.000219624 0.999999 0.703804 0.352832 -0.182135
FixedParameters: 0 0 0

#Transform 107
Transform: AffineTransform_float_3_3
Parameters: 0.999997 0.00155072 -0.0014812 -0.00154928 0.999998 0.0011603 0.0014828 -0.0011587 0.999998 0.655885 0.0170695 -0.476401
FixedParameters: 0 0 0

#Transform 108
Transform: AffineTransform_float_3_3
Parameters: 0.999998 0.00167955 -0.0015364 -0.00167945 0.999998 0.000357581 0.0015366 -0.00035542 0.999999 0.702503 0.303656 -0.247501
FixedParameters: 0 0 0

#Transform 109
Transform: AffineTransform_float_3_3
Parameters: 0.999997 0.00184305 -0.00173682 -0.00184094 0.999997 0.0011842 0.00173918 -0.0011808 0.999998 0.788221 0.129288 -0.527755
FixedParameters: 0 0 0

#Transform 110
Transform: AffineTransform_float_3_3
Parameters: 0.999998 0.00151557 -0.00128833 -0.00151443 0.999999 0.000443952 0.00128967 -0.000442046 0.999999 0.60848 0.190719 -0.214088
FixedParameters: 0 0 0

#Transform 111
Transform: AffineTransform_float_3_3
Parameters: 0.999997 0.00179393 -0.00126668 -0.00179307 0.999998 0.000736273 0.00126832 -0.000734727 0.999999 0.693321 0.232199 -0.302288
FixedParameters: 0 0 0

#Transform 112
Transform: AffineTransform_float_3_3
Parameters: 0.999998 0.00142697 -0.00141702 -0.00142503 0.999998 0.00138902 0.00141998 -0.00138698 0.999998 0.596532 -0.0302161 -0.501453
FixedParameters: 0 0 0

#Transform 113
Transform: AffineTransform_float_3_3
Parameters: 0.999997 0.0017937 -0.00125399 -0.00179329 0.999998 0.00056325 0.00125501 -0.00056075 0.999999 0.691127 0.269309 -0.259151
FixedParameters: 0 0 0

#Transform 114
Transform: AffineTransform_float_3_3
Parameters: 0.999998 0.00179505 -0.00147952 -0.00179296 0.999998 0.00138366 0.00148148 -0.00138134 0.999998 0.718027 0.0299745 -0.52409
FixedParameters: 0 0 0

#Transform 115
Transform: AffineTransform_float_3_3
Parameters: 0.999997 0.002353 -0.001262 -0.002353 0.999997 9.69495e-07 0.001262 1.96949e-06 0.999999 0.854048 0.490308 -0.0487657
FixedParameters: 0 0 0

#Transform 116
Transform: AffineTransform_float_3_3
Parameters: 0.999995 0.00252745 -0.00178395 -0.00252555 0.999997 0.00081451 0.00178505 -0.000809493 0.999998 1.01311 0.288171 -0.335585
FixedParameters: 0 0 0

#Transform 117
Transform: AffineTransform_float_3_3
Parameters: 0.999994 0.00295496 -0.00191351 -0.00295403 0.999995 0.000506655 0.00191449 -0.000501346 0.999998 1.17099 0.474109 -0.283349
FixedParameters: 0 0 0

#Transform 118
Transform: AffineTransform_float_3_3
Parameters: 0.999991 0.00369456 -0.00239513 -0.00369344 0.999993 0.000238849 0.00239587 -0.000230151 0.999997 1.48696 0.627758 -0.153801
FixedParameters: 0 0 0

#Transform 119
Transform: AffineTransform_float_3_3
Parameters: 0.999992 0.00338658 -0.0020557 -0.00338742 0.999994 -0.000202038 0.0020553 0.000208962 0.999998 1.27143 0.542227 0.241638
FixedParameters: 0 0 0

#Transform 120
Transform: AffineTransform_float_3_3
Parameters: 0.999989 0.00407189 -0.00241395 -0.00407612 0.99999 -0.00170218 0.00240704 0.00171182 0.999995 1.57478 1.0101 0.714369
FixedParameters: 0 0 0

#Transform 121
Transform: AffineTransform_float_3_3
Parameters: 0.999993 0.0028821 -0.00242969 -0.0028809 0.999995 0.000457003 0.00243131 -0.000449996 0.999997 1.19239 0.346716 -0.102441
FixedParameters: 0 0 0

#Transform 122
Transform: AffineTransform_float_3_3
Parameters: 0.999995 0.00245885 -0.0018849 -0.00245715 0.999997 0.000451634 0.0018861 -0.000446365 0.999998 0.960445 0.451276 -0.221938
FixedParameters: 0 0 0

#Transform 123
Transform: AffineTransform_float_3_3
Parameters: 0.999995 0.00250958 -0.00185086 -0.00250742 0.999997 0.000853645 0.00185314 -0.000849354 0.999998 0.976652 0.238797 -0.311369
FixedParameters: 0 0 0

#Transform 124
Transform: AffineTransform_float_3_3
Parameters: 0.999996 0.00250968 -0.00170052 -0.00250732 0.999997 0.000990269 0.00170248 -0.000986732 0.999998 0.951246 0.217374 -0.330824
FixedParameters: 0 0 0

#Transform 125
Transform: AffineTransform_float_3_3
Parameters: 0.999995 0.00259744 -0.00178737 -0.00259656 0.999996 0.000246642 0.00178764 -0.000242358 0.999999 0.99424 0.485635 -0.156372
FixedParameters: 0 0 0

#Transform 126
Transform: AffineTransform_float_3_3
Parameters: 0.999995 0.00251003 -0.0018172 -0.00250797 0.999996 0.00111856 0.0018198 -0.00111344 0.999997 0.971145 0.206346 -0.407463
FixedParameters: 0 0 0

#Transform 127
Transform: AffineTransform_float_3_3
Parameters: 0.999994 0.00250933 -0.00211441 -0.00250766 0.999996 0.000634305 0.00211658 -0.000628692 0.999997 1.02132 0.31217 -0.334305
FixedParameters: 0 0 0

#Transform 128
Transform: AffineTransform_float_3_3
Parameters: 0.999993 0.0029511 -0.00229259 -0.0029499 0.999995 0.000482766 0.00229342 -0.000476235 0.999998 1.19184 0.481925 -0.315966
FixedParameters: 0 0 0

#Transform 129
Transform: AffineTransform_float_3_3
Parameters: 0.999996 0.00238788 -0.00181754 -0.00238612 0.999996 0.00103434 0.00182047 -0.00103066 0.999998 0.932315 0.179715 -0.381291
FixedParameters: 0 0 0

#Transform 130
Transform: AffineTransform_float_3_3
Parameters: 0.999994 0.00276405 -0.00210262 -0.00276395 0.999996 0.000500814 0.00210438 -0.000495186 0.999997 1.10019 0.400769 -0.284736
FixedParameters: 0 0 0

#Transform 131
Transform: AffineTransform_float_3_3
Parameters: 0.999995 0.00276449 -0.00190385 -0.00276352 0.999996 0.000782266 0.00190615 -0.000776735 0.999998 1.06669 0.343179 -0.327644
FixedParameters: 0 0 0

#Transform 132
Transform: AffineTransform_float_3_3
Parameters: 0.999996 0.00216699 -0.00154361 -0.00216601 0.999998 0.000641346 0.00154538 -0.000637653 0.999998 0.807241 0.227492 -0.196581
FixedParameters: 0 0 0

#Transform 133
Transform: AffineTransform_float_3_3
Parameters: 0.999994 0.00269515 -0.00192239 -0.00269385 0.999996 0.000601182 0.00192461 -0.000595816 0.999998 1.04438 0.437332 -0.281558
FixedParameters: 0 0 0

#Transform 134
Transform: AffineTransform_float_3_3
Parameters: 0.999995 0.00251144 -0.00191611 -0.00250956 0.999996 0.000754812 0.00191789 -0.000750187 0.999998 0.988151 0.270116 -0.281292
FixedParameters: 0 0 0

#Transform 135
Transform: AffineTransform_float_3_3
Parameters: 0.999995 0.00250309 -0.00185052 -0.0025019 0.999996 0.000594633 0.00185248 -0.000589366 0.999998 0.974566 0.356572 -0.21768
FixedParameters: 0 0 0

#Transform 136
Transform: AffineTransform_float_3_3
Parameters: 0.999994 0.00278108 -0.00200851 -0.00277992 0.999996 0.000538587 0.00201049 -0.000533412 0.999998 1.08968 0.439595 -0.25004
FixedParameters: 0 0 0

#Transform 137
Transform: AffineTransform_float_3_3
Parameters: 0.999995 0.00235757 -0.00201816 -0.00235643 0.999997 0.000781759 0.00201984 -0.000777241 0.999997 0.952289 0.194838 -0.302674
FixedParameters: 0 0 0

#Transform 138
Transform: AffineTransform_float_3_3
Parameters: 0.999994 0.00273829 -0.00200724 -0.00273671 0.999996 0.000644497 0.00200976 -0.0006385 0.999998 1.07038 0.422116 -0.296196
FixedParameters: 0 0 0

#Transform 139
Transform: AffineTransform_float_3_3
Parameters: 0.999994 0.00252778 -0.00210467 -0.00252522 0.999996 0.00132132 0.00210833 -0.00131668 0.999997 1.025 0.126298 -0.498435
FixedParameters: 0 0 0

#Transform 140
Transform: AffineTransform_float_3_3
Parameters: 0.999995 0.0025427 -0.00199911 -0.0025413 0.999996 0.000354082 0.00199989 -0.000348917 0.999998 1.00019 0.404869 -0.217333
FixedParameters: 0 0 0

#Transform 141
Transform: AffineTransform_float_3_3
Parameters: 0.999993 0.00273594 -0.00263294 -0.00273305 0.999995 0.0011212 0.00263605 -0.0011138 0.999996 1.18054 0.237603 -0.547324
FixedParameters: 0 0 0

#Transform 142
Transform: AffineTransform_float_3_3
Parameters: 0.999993 0.00262532 -0.00238654 -0.00262368 0.999997 0.000557265 0.00238745 -0.000550736 0.999997 1.1039 0.375256 -0.339156
FixedParameters: 0 0 0

#Transform 143
Transform: AffineTransform_float_3_3
Parameters: 0.999993 0.00288043 -0.00228494 -0.00287757 0.999996 0.00106458 0.00228806 -0.00105842 0.999997 1.16773 0.338855 -0.484687
FixedParameters: 0 0 0

#Transform 144
Transform: AffineTransform_float_3_3
Parameters: 0.999993 0.0027067 -0.00227478 -0.00270429 0.999995 0.00119116 0.00227822 -0.00118584 0.999996 1.10284 0.259775 -0.519365
FixedParameters: 0 0 0

#Transform 145
Transform: AffineTransform_float_3_3
Parameters: 0.999993 0.00290389 -0.00240472 -0.00290211 0.999996 0.000787985 0.00240728 -0.000781015 0.999997 1.19213 0.432241 -0.430065
FixedParameters: 0 0 0

#Transform 146
Transform: AffineTransform_float_3_3
Parameters: 0.999994 0.00256997 -0.00208333 -0.00256702 0.999995 0.00142936 0.00208766 -0.00142464 0.999997 1.03489 0.148113 -0.527014
FixedParameters: 0 0 0

#Transform 147
Transform: AffineTransform_float_3_3
Parameters: 0.999994 0.00256779 -0.00227911 -0.0025672 0.999996 0.000351853 0.00227989 -0.000345148 0.999998 1.06757 0.438241 -0.26267
FixedParameters: 0 0 0

#Transform 148
Transform: AffineTransform_float_3_3
Parameters: 0.999994 0.00256993 -0.00223764 -0.00256707 0.999996 0.00131175 0.00224036 -0.00130625 0.999996 1.05124 0.168855 -0.519628
FixedParameters: 0 0 0

#Transform 149
Transform: AffineTransform_float_3_3
Parameters: 0.999994 0.00242953 -0.00227036 -0.00242846 0.999997 0.000678517 0.00227164 -0.000672485 0.999997 1.00535 0.288654 -0.346608
FixedParameters: 0 0 0

#Transform 150
Transform: AffineTransform_float_3_3
Parameters: 0.999993 0.00271032 -0.00232429 -0.00270867 0.999996 0.0010033 0.00232771 -0.000996697 0.999997 1.09679 0.317025 -0.463817
FixedParameters: 0 0 0

#Transform 151
Transform: AffineTransform_float_3_3
Parameters: 0.999994 0.00237512 -0.00223475 -0.00237288 0.999996 0.000950308 0.00223725 -0.000944691 0.999997 0.973561 0.191482 -0.415738
FixedParameters: 0 0 0

#Transform 152
Transform: AffineTransform_float_3_3
Parameters: 0.999994 0.00256383 -0.00238403 -0.00256217 0.999997 0.000772113 0.00238597 -0.000765888 0.999997 1.06527 0.372632 -0.416435
FixedParameters: 0 0 0

#Transform 153
Transform: AffineTransform_float_3_3
Parameters: 0.999995 0.00237492 -0.00204177 -0.00237308 0.999996 0.00094185 0.00204423 -0.00093715 0.999998 0.947822 0.165876 -0.364781
FixedParameters: 0 0 0

#Transform 154
Transform: AffineTransform_float_3_3
Parameters: 0.999995 0.00219318 -0.00224687 -0.00219082 0.999997 0.000973927 0.00224913 -0.000969072 0.999997 0.92274 0.175914 -0.407243
FixedParameters: 0 0 0

#Transform 155
Transform: AffineTransform_float_3_3
Parameters: 0.999994 0.00248443 -0.00233148 -0.00248257 0.999996 0.000614792 0.00233252 -0.000609208 0.999997 1.03776 0.402308 -0.359686
FixedParameters: 0 0 0

#Transform 156
Transform: AffineTransform_float_3_3
Parameters: 0.999994 0.00230243 -0.00231159 -0.00229857 0.999997 0.00148532 0.00231441 -0.00147968 0.999996 0.96749 0.0642026 -0.606327
FixedParameters: 0 0 0

#Transform 157
Transform: AffineTransform_float_3_3
Parameters: 0.999993 0.00265755 -0.00235225 -0.00265645 0.999997 0.000660253 0.00235374 -0.000653749 0.999997 1.09643 0.393978 -0.399154
FixedParameters: 0 0 0

#Transform 158
Transform: AffineTransform_float_3_3
Parameters: 0.999993 0.00246507 -0.00255808 -0.00246092 0.999995 0.0015953 0.00256192 -0.00158869 0.999995 1.06767 0.0929754 -0.653165
FixedParameters: 0 0 0

#Transform 159
Transform: AffineTransform_float_3_3
Parameters: 0.999995 0.00237137 -0.00211046 -0.00236963 0.999997 0.000652004 0.00211254 -0.000646993 0.999997 0.958653 0.295456 -0.29892
FixedParameters: 0 0 0

#Transform 160
Transform: AffineTransform_float_3_3
Parameters: 0.999994 0.00281493 -0.00197224 -0.00281307 0.999995 0.000982553 0.00197475 -0.000976446 0.999997 1.07798 0.362894 -0.384561
FixedParameters: 0 0 0

#Transform 161
Transform: AffineTransform_float_3_3
Parameters: 0.999995 0.00247702 -0.00208159 -0.00247497 0.999996 0.000975157 0.00208341 -0.000969844 0.999998 0.992626 0.174956 -0.396656
FixedParameters: 0 0 0

#Transform 162
Transform: AffineTransform_float_3_3
Parameters: 0.999993 0.00281541 -0.00220693 -0.00281359 0.999996 0.00109422 0.00221007 -0.00108779 0.999997 1.12514 0.336309 -0.448906
FixedParameters: 0 0 0

#Transform 163
Transform: AffineTransform_float_3_3
Parameters: 0.999994 0.00239903 -0.00244706 -0.00239497 0.999996 0.00164787 0.00245094 -0.00164213 0.999995 1.01809 0.0604342 -0.646834
FixedParameters: 0 0 0

#Transform 164
Transform: AffineTransform_float_3_3
Parameters: 0.999994 0.00261219 -0.00225763 -0.00261081 0.999997 0.000528898 0.00225937 -0.000523102 0.999998 1.06566 0.445207 -0.287844
FixedParameters: 0 0 0

#Transform 165
Transform: AffineTransform_float_3_3
Parameters: 0.999993 0.00250235 -0.00257578 -0.00249765 0.999995 0.00169144 0.00258022 -0.00168555 0.999996 1.07718 0.0559368 -0.689974
FixedParameters: 0 0 0

#Transform 166
Transform: AffineTransform_float_3_3
Parameters: 0.999995 0.00258527 -0.00219451 -0.00258373 0.999996 0.000581673 0.0021955 -0.000576327 0.999998 1.03195 0.336817 -0.277512
FixedParameters: 0 0 0

#Transform 167
Transform: AffineTransform_float_3_3
Parameters: 0.999992 0.00281702 -0.00267076 -0.00281298 0.999995 0.00150852 0.00267523 -0.00150048 0.999996 1.18925 0.224885 -0.649957
FixedParameters: 0 0 0

#Transform 168
Transform: AffineTransform_float_3_3
Parameters: 0.999995 0.00240677 -0.00227608 -0.00240423 0.999997 0.00121848 0.00227892 -0.00121252 0.999996 0.994049 0.176328 -0.503677
FixedParameters: 0 0 0

#Transform 169
Transform: AffineTransform_float_3_3
Parameters: 0.999994 0.00281562 -0.00232984 -0.00281339 0.999996 0.00112556 0.00233316 -0.00111844 0.999996 1.14514 0.323327 -0.508213
FixedParameters: 0 0 0

#Transform 170
Transform: AffineTransform_float_3_3
Parameters: 0.999994 0.00236095 -0.00244219 -0.00235605 0.999996 0.00161776 0.00244581 -0.00161223 0.999995 1.00395 0.0378062 -0.640516
FixedParameters: 0 0 0

#Transform 171
Transform: AffineTransform_float_3_3
Parameters: 0.999994 0.00281462 -0.00225399 -0.00281339 0.999996 0.000719346 0.00225602 -0.000713655 0.999997 1.12465 0.41815 -0.354442
FixedParameters: 0 0 0

#Transform 172
Transform: AffineTransform_float_3_3
Parameters: 0.999993 0.00265558 -0.00242008 -0.00265142 0.999996 0.00148143 0.00242392 -0.00147457 0.999996 1.10355 0.125996 -0.593051
FixedParameters: 0 0 0

#Transform 173
Transform: AffineTransform_float_3_3
Parameters: 0.999993 0.00281461 -0.00222096 -0.00281339 0.999996 0.000726253 0.00222204 -0.000720751 0.999998 1.11337 0.377279 -0.338178
FixedParameters: 0 0 0

#Transform 174
Transform: AffineTransform_float_3_3
Parameters: 0.999993 0.00281732 -0.0025273 -0.00281368 0.999995 0.00131812 0.0025307 -0.00131088 0.999996 1.172 0.229423 -0.580204
FixedParameters: 0 0 0

#Transform 175
Transform: AffineTransform_float_3_3
Parameters: 0.999994 0.00246138 -0.00244661 -0.00245762 0.999996 0.00138302 0.00245039 -0.00137698 0.999996 1.03625 0.134084 -0.577382
FixedParameters: 0 0 0

#Transform 176
Transform: AffineTransform_float_3_3
Parameters: 0.999994 0.00280423 -0.00235754 -0.00280277 0.999996 0.000523611 0.00235846 -0.00051739 0.999997 1.13898 0.427898 -0.306701
FixedParameters: 0 0 0

#Transform 177
Transform: AffineTransform_float_3_3
Parameters: 0.999991 0.00314507 -0.00263214 -0.00314093 0.999994 0.00155028 0.00263686 -0.00154172 0.999996 1.28879 0.275405 -0.655966
FixedParameters: 0 0 0

#Transform 178
Transform: AffineTransform_float_3_3
Parameters: 0.999993 0.00270479 -0.00237269 -0.00270121 0.999995 0.00159742 0.00237731 -0.00159158 0.999996 1.09955 0.157558 -0.621059
FixedParameters: 0 0 0

#Transform 179
Transform: AffineTransform_float_3_3
Parameters: 0.999994 0.00255049 -0.00240142 -0.00254851 0.999997 0.000623124 0.00240358 -0.000616874 0.999997 1.06698 0.380555 -0.343676
FixedParameters: 0 0 0

#Transform 180
Transform: AffineTransform_float_3_3
Parameters: 0.999993 0.00287996 -0.00259762 -0.00287604 0.999994 0.00152648 0.00260238 -0.00151852 0.999995 1.20861 0.203356 -0.659349
FixedParameters: 0 0 0

#Transform 181
Transform: AffineTransform_float_3_3
Parameters: 0.999993 0.00271276 -0.00264017 -0.00271024 0.999996 0.00104816 0.00264283 -0.00104084 0.999996 1.1615 0.271403 -0.535103
FixedParameters: 0 0 0

#Transform 182
Transform: AffineTransform_float_3_3
Parameters: 0.999993 0.00285982 -0.00247875 -0.00285618 0.999996 0.00114209 0.00248225 -0.00113491 0.999997 1.18039 0.343754 -0.535943
FixedParameters: 0 0 0

#Transform 183
Transform: AffineTransform_float_3_3
Parameters: 0.999992 0.00289501 -0.00271774 -0.00289099 0.999994 0.00147787 0.00272227 -0.00147013 0.999995 1.22641 0.196941 -0.64913
FixedParameters: 0 0 0

#Transform 184
Transform: AffineTransform_float_3_3
Parameters: 0.999993 0.0025981 -0.00245077 -0.0025959 0.999997 0.000860367 0.00245322 -0.000853632 0.999996 1.09184 0.309731 -0.408237
FixedParameters: 0 0 0

#Transform 185
Transform: AffineTransform_float_3_3
Parameters: 0.999992 0.00304604 -0.00252334 -0.00304296 0.999994 0.00120669 0.00252666 -0.00119931 0.999996 1.2442 0.360058 -0.569081
FixedParameters: 0 0 0

#Transform 186
Transform: AffineTransform_float_3_3
Parameters: 0.999993 0.00278421 -0.00240128 -0.00278079 0.999995 0.00133969 0.00240572 -0.00133331 0.999996 1.13623 0.203171 -0.568902
FixedParameters: 0 0 0

#Transform 187
Transform: AffineTransform_float_3_3
Parameters: 0.999994 0.00262792 -0.00249204 -0.00262709 0.999997 0.000369549 0.00249296 -0.000363451 0.999997 1.10459 0.407048 -0.286521
FixedParameters: 0 0 0

#Transform 188
Transform: AffineTransform_float_3_3
Parameters: 0.999992 0.00304664 -0.00250258 -0.00304336 0.999995 0.00145563 0.00250742 -0.00144837 0.999996 1.23705 0.279436 -0.605993
FixedParameters: 0 0 0

#Transform 189
Transform: AffineTransform_float_3_3
Parameters: 0.999992 0.00283284 -0.0027861 -0.00282916 0.999995 0.00138089 0.0027899 -0.00137311 0.999995 1.21679 0.214374 -0.596715
FixedParameters: 0 0 0

#Transform 190
Transform: AffineTransform_float_3_3
