#Insight Transform File V1.0
#Transform 0
Transform: AffineTransform_float_3_3
Parameters: 0.999999 -0.000337549 -0.000678231 0.000336452 0.999998 -0.00228223 0.00067877 0.00228277 0.999997 -0.0164405 0.363534 0.715193
FixedParameters: 0 0 0

#Transform 1
Transform: AffineTransform_float_3_3
Parameters: 1 -6.01511e-05 -0.000123927 5.98488e-05 1 -0.00121901 0.000124073 0.00121899 0.999999 -0.0308851 0.327896 0.372657
FixedParameters: 0 0 0

#Transform 2
Transform: AffineTransform_float_3_3
Parameters: 1 -6.02937e-05 -0.000384954 5.97062e-05 0.999999 -0.000763023 0.000385045 0.000762976 0.999999 0.024933 0.0798621 0.269563
FixedParameters: 0 0 0

#Transform 3
Transform: AffineTransform_float_3_3
Parameters: 0.999999 -0.000584978 -0.000641108 0.000584021 0.999998 -0.00152537 0.000641891 0.00152462 0.999998 -0.0394289 0.200037 0.421626
FixedParameters: 0 0 0

#Transform 4
Transform: AffineTransform_float_3_3
Parameters: 1 -0.000333612 -0.000484579 0.000332388 0.999999 -0.00126216 0.00048542 0.00126184 0.999999 -0.0248428 0.237713 0.334804
FixedParameters: 0 0 0

#Transform 5
Transform: AffineTransform_float_3_3
Parameters: 1 -0.000310423 -0.000434698 0.000309578 1 -0.000973136 0.000434302 0.000972866 1 -0.0377391 0.0716925 0.291804
FixedParameters: 0 0 0

#Transform 6
Transform: AffineTransform_float_3_3
Parameters: 1 -0.000370591 -0.000311298 0.00036941 0.999998 -0.00189512 0.000311701 0.00189489 0.999998 -0.0818055 0.373248 0.516815
FixedParameters: 0 0 0

#Transform 7
Transform: AffineTransform_float_3_3
Parameters: 1 -0.00029338 -0.000304635 0.00029262 0.999999 -0.00124609 0.000305365 0.00124691 0.999999 -0.0532831 0.176253 0.339938
FixedParameters: 0 0 0

#Transform 8
Transform: AffineTransform_float_3_3
Parameters: 1 -0.000281355 -0.000297665 0.000281645 1 -0.00119108 0.000298336 0.00119092 0.999999 -0.0585568 0.141849 0.327255
FixedParameters: 0 0 0

#Transform 9
Transform: AffineTransform_float_3_3
Parameters: 1 -0.00050836 -0.000218161 0.000508639 0.999998 -0.00165011 0.000218839 0.00164989 0.999998 -0.126423 0.303358 0.435949
FixedParameters: 0 0 0

#Transform 10
Transform: AffineTransform_float_3_3
Parameters: 1 -0.000284314 -0.000322724 0.000283686 1 -0.000972093 0.000323276 0.000971909 1 -0.0437556 0.0640138 0.285832
FixedParameters: 0 0 0

#Transform 11
Transform: AffineTransform_float_3_3
Parameters: 1 -0.000240118 -0.00010874 0.000239882 1 -0.00108403 0.00010926 0.00108397 1 -0.0704864 0.142216 0.329662
FixedParameters: 0 0 0

#Transform 12
Transform: AffineTransform_float_3_3
Parameters: 1 -0.000170281 -0.000320851 0.000170718 0.999999 -0.000877054 0.00032115 0.000876945 0.999999 0.00231654 0.21118 0.157156
FixedParameters: 0 0 0

#Transform 13
Transform: AffineTransform_float_3_3
Parameters: 1 -0.000244189 -0.000359872 0.000243811 1 -0.000524088 0.000360128 0.000523912 1 -0.0181566 -0.0236671 0.130561
FixedParameters: 0 0 0

#Transform 14
Transform: AffineTransform_float_3_3
Parameters: 1 -0.000243676 0.000214369 0.000244323 0.999999 -0.00151195 -0.000213631 0.00151205 0.999999 -0.135639 0.292587 0.490057
FixedParameters: 0 0 0

#Transform 15
Transform: AffineTransform_float_3_3
Parameters: 1 -0.000125251 -0.000308898 0.000125748 0.999999 -0.000814038 0.000309102 0.000813961 0.999999 0.0109338 0.143249 0.18863
FixedParameters: 0 0 0

#Transform 16
Transform: AffineTransform_float_3_3
Parameters: 1 -9.11816e-05 -0.000256936 9.08182e-05 0.999999 -0.000707023 0.000257064 0.000706976 0.999999 0.00566987 0.0435356 0.202671
FixedParameters: 0 0 0

#Transform 17
Transform: AffineTransform_float_3_3
Parameters: 1 -9.10476e-05 -6.09288e-05 9.09522e-05 0.999999 -0.000782005 6.10711e-05 0.000781994 0.999999 -0.0219872 0.209145 0.183948
FixedParameters: 0 0 0

#Transform 18
Transform: AffineTransform_float_3_3
Parameters: 1 -9.10502e-05 -0.000159971 9.09497e-05 1 -0.000314015 0.000160029 0.000313985 1 -0.00370331 -0.0549417 0.127184
FixedParameters: 0 0 0

#Transform 19
Transform: AffineTransform_float_3_3
Parameters: 1 -0.000204875 0.000139184 0.000205125 0.999999 -0.000898971 -0.000138816 0.000899028 0.999999 -0.0853664 0.144819 0.290995
FixedParameters: 0 0 0

#Transform 20
Transform: AffineTransform_float_3_3
Parameters: 1 -9.09997e-05 4.80006e-05 9.10003e-05 1 -6.99563e-06 -4.79994e-05 7.00437e-06 1 -0.0325126 0.000183111 -0.020747
FixedParameters: 0 0 0

#Transform 21
Transform: AffineTransform_float_3_3
Parameters: 1 -9.10027e-05 -9.29974e-05 9.09973e-05 1 -2.90085e-05 9.30026e-05 2.89915e-05 1 -0.00233491 -0.0914606 0.0237174
FixedParameters: 0 0 0

#Transform 22
Transform: AffineTransform_float_3_3
Parameters: 1 -9.0949e-05 7.6061e-05 9.1051e-05 1 -0.000670993 -7.59389e-05 0.000671007 1 -0.0210301 0.190575 0.150918
FixedParameters: 0 0 0

#Transform 23
Transform: AffineTransform_float_3_3
Parameters: 1 -9.10362e-05 0.000298989 9.09638e-05 1 0.000121027 -0.000299011 -0.000120973 1 -0.0901853 -0.124419 0.077631
FixedParameters: 0 0 0

#Transform 24
Transform: AffineTransform_float_3_3
Parameters: 1 -3.30646e-05 -0.000115982 3.29354e-05 1 -0.000557004 0.000116018 0.000556996 1 0.0369862 0.106735 0.131449
FixedParameters: 0 0 0

#Transform 25
Transform: AffineTransform_float_3_3
Parameters: 1 6.89906e-05 0.000101006 -6.90094e-05 1 9.2993e-05 -0.000100994 -9.3007e-05 1 -0.000891193 0.00406557 -0.0360676
FixedParameters: 0 0 0

#Transform 26
Transform: AffineTransform_float_3_3
Parameters: 1 7.30233e-05 -8.29795e-05 -7.29767e-05 1 0.000281006 8.30205e-05 -0.000280994 1 0.0396666 -0.11523 -0.0777683
FixedParameters: 0 0 0

#Transform 27
Transform: AffineTransform_float_3_3
Parameters: 1 -9.0969e-05 0.00014102 9.1031e-05 1 -0.000219987 -0.00014098 0.000220013 1 -0.0562506 0.0949951 0.030259
FixedParameters: 0 0 0

#Transform 28
Transform: AffineTransform_float_3_3
Parameters: 1 -9.09204e-05 -0.000200036 9.10796e-05 1 0.000397982 0.000199964 -0.000398018 1 0.0166531 -0.199656 -0.10218
FixedParameters: 0 0 0

#Transform 29
Transform: AffineTransform_float_3_3
Parameters: 1 5.01059e-05 0.000322984 -4.9894e-05 1 -0.000328016 -0.000323016 0.000327984 1 -0.0538286 0.0662022 0.153482
FixedParameters: 0 0 0

#Transform 30
Transform: AffineTransform_float_3_3
Parameters: 1 0.000114008 -0.000168995 -0.000113992 1 4.50193e-05 0.000169005 -4.49807e-05 1 0.0700804 0.0330085 -0.0848749
FixedParameters: 0 0 0

#Transform 31
Transform: AffineTransform_float_3_3
Parameters: 1 -9.10084e-05 -0.000289997 9.09916e-05 1 -2.90264e-05 0.000290003 2.89736e-05 1 0.0359317 -0.118805 -0.0206322
FixedParameters: 0 0 0

#Transform 32
Transform: AffineTransform_float_3_3
Parameters: 1 4.20292e-05 0.00012499 -4.19707e-05 1 -0.000234005 -0.00012501 0.000233995 1 -0.0101457 0.113162 0.0357138
FixedParameters: 0 0 0

#Transform 33
Transform: AffineTransform_float_3_3
Parameters: 1 6.00513e-05 -0.000289989 -5.99487e-05 1 0.000177017 0.000290011 -0.000176983 1 0.0955532 -0.140571 -0.0734664
FixedParameters: 0 0 0

#Transform 34
Transform: AffineTransform_float_3_3
Parameters: 1 -9.1021e-05 -3.19401e-05 9.09789e-05 1 -0.000658003 3.20599e-05 0.000657997 1 0.00443816 0.149779 0.14027
FixedParameters: 0 0 0

#Transform 35
Transform: AffineTransform_float_3_3
Parameters: 1 -9.0931e-05 -0.000290022 9.1069e-05 1 0.000237974 0.000289978 -0.000238026 1 0.0407416 -0.116544 -0.107
FixedParameters: 0 0 0

#Transform 36
Transform: AffineTransform_float_3_3
Parameters: 1 -9.10594e-05 -0.000289981 9.09405e-05 1 -0.000205026 0.000290019 0.000204974 1 0.0534424 -0.0564559 0.0228697
FixedParameters: 0 0 0

#Transform 37
Transform: AffineTransform_float_3_3
Parameters: 1 6.68793e-05 -0.000290028 -6.71206e-05 1 -0.00041598 0.000289972 0.000416019 1 0.0997418 0.155924 0.0187187
FixedParameters: 0 0 0

#Transform 38
Transform: AffineTransform_float_3_3
Parameters: 1 -9.09144e-05 -0.000290027 9.10855e-05 1 0.000294974 0.000289973 -0.000295026 1 0.0483929 -0.199351 -0.0993225
FixedParameters: 0 0 0

#Transform 39
Transform: AffineTransform_float_3_3
Parameters: 1 -9.09241e-05 0.00017204 9.10758e-05 1 -0.000440984 -0.00017196 0.000441016 1 -0.045321 0.0956894 0.103737
FixedParameters: 0 0 0

#Transform 40
Transform: AffineTransform_float_3_3
Parameters: 1 8.10655e-05 -0.000289982 -8.09344e-05 1 0.000226023 0.000290018 -0.000225976 1 0.103878 -0.0787 -0.147921
FixedParameters: 0 0 0

#Transform 41
Transform: AffineTransform_float_3_3
Parameters: 1 -9.10119e-05 -0.000289996 9.09881e-05 1 -4.10264e-05 0.000290004 4.09736e-05 1 0.0534604 -0.088119 -0.0292356
FixedParameters: 0 0 0

#Transform 42
Transform: AffineTransform_float_3_3
Parameters: 1 -9.10017e-05 -0.000289999 9.09983e-05 1 -6.02639e-06 0.000290001 5.97361e-06 1 0.0587547 0.02758 -0.128541
FixedParameters: 0 0 0

#Transform 43
Transform: AffineTransform_float_3_3
Parameters: 1 -9.0866e-05 -0.000290042 9.1134e-05 1 0.000461973 0.000289958 -0.000462026 1 0.0535194 -0.244253 -0.162972
FixedParameters: 0 0 0

#Transform 44
Transform: AffineTransform_float_3_3
Parameters: 1 -3.80433e-05 -7.29774e-05 3.79572e-05 1 -0.000594003 7.20225e-05 0.000593997 1 0.0446733 0.166674 0.0878722
FixedParameters: 0 0 0

#Transform 45
Transform: AffineTransform_float_3_3
Parameters: 1 -9.09955e-05 -1.40294e-05 9.10045e-05 1 0.000322999 1.39706e-05 -0.000323001 1 0.00036102 -0.183312 -0.0823089
FixedParameters: 0 0 0

#Transform 46
Transform: AffineTransform_float_3_3
Parameters: 1 -9.07317e-05 0.000414059 9.12682e-05 1 -0.000647962 -0.000413941 0.000648037 0.999999 -0.0669578 0.0852105 0.224056
FixedParameters: 0 0 0

#Transform 47
Transform: AffineTransform_float_3_3
Parameters: 1 -3.29764e-05 -7.90099e-05 3.20236e-05 1 0.000298997 7.89904e-05 -0.000299003 1 0.0492937 -0.105467 -0.145645
FixedParameters: 0 0 0

#Transform 48
Transform: AffineTransform_float_3_3
Parameters: 1 -9.09967e-05 0.000143002 9.10033e-05 1 -2.2987e-05 -0.000142998 2.3013e-05 1 -0.0152108 -0.116483 0.0273124
FixedParameters: 0 0 0

#Transform 49
Transform: AffineTransform_float_3_3
Parameters: 1 -9.08142e-05 0.000451037 9.11858e-05 1 -0.000411959 -0.000450962 0.000412041 1 -0.0810543 0.108736 0.163167
FixedParameters: 0 0 0

#Transform 50
Transform: AffineTransform_float_3_3
Parameters: 1 -9.08785e-05 -0.000290038 9.11215e-05 1 0.000418973 0.000289962 -0.000419026 1 0.0774138 -0.239106 -0.148587
FixedParameters: 0 0 0

#Transform 51
Transform: AffineTransform_float_3_3
Parameters: 1 -9.09202e-05 0.000318023 9.10798e-05 1 -0.000250971 -0.000317977 0.000251029 1 -0.0526443 0.0947381 0.0670041
FixedParameters: 0 0 0

#Transform 52
Transform: AffineTransform_float_3_3
Parameters: 1 -9.10567e-05 9.3945e-05 9.09432e-05 1 0.000604008 -9.40549e-05 -0.000603991 1 -0.00477995 -0.264983 -0.103242
FixedParameters: 0 0 0

#Transform 53
Transform: AffineTransform_float_3_3
Parameters: 1 -9.11319e-05 -0.000289959 9.0868e-05 1 -0.000455026 0.000290041 0.000454973 1 0.0773302 0.117183 0.0279031
FixedParameters: 0 0 0

#Transform 54
Transform: AffineTransform_float_3_3
Parameters: 1 -9.10369e-05 4.39235e-05 9.0963e-05 0.999999 0.000840003 -4.40764e-05 -0.000839995 0.999999 0.00866862 -0.25998 -0.220641
FixedParameters: 0 0 0

#Transform 55
Transform: AffineTransform_float_3_3
Parameters: 1 -1.29929e-05 -3.80024e-05 1.30071e-05 1 0.000185999 3.79976e-05 -0.000186 1 0.063512 -0.0758511 -0.0654991
FixedParameters: 0 0 0

#Transform 56
Transform: AffineTransform_float_3_3
Parameters: 1 -9.09945e-05 -9.05569e-06 9.10055e-05 1 0.000611999 8.9443e-06 -0.000612001 1 0.034493 -0.134359 -0.211248
FixedParameters: 0 0 0

#Transform 57
Transform: AffineTransform_float_3_3
Parameters: 1 -9.09702e-05 -4.60589e-05 9.10298e-05 1 0.000647996 4.5941e-05 -0.000648004 1 0.0424122 -0.253879 -0.172867
FixedParameters: 0 0 0

#Transform 58
Transform: AffineTransform_float_3_3
Parameters: 1 -9.09864e-05 -0.000177007 9.10136e-05 1 7.69839e-05 0.000176993 -7.70161e-05 1 0.073661 0.028433 -0.15004
FixedParameters: 0 0 0

#Transform 59
Transform: AffineTransform_float_3_3
Parameters: 1 2.41146e-05 -8.99694e-05 -2.38853e-05 0.999999 0.001274 9.00305e-05 -0.001274 0.999999 0.0854806 -0.374934 -0.374108
FixedParameters: 0 0 0

#Transform 60
Transform: AffineTransform_float_3_3
Parameters: 1 -9.1018e-05 -0.000219993 9.0982e-05 1 -8.202e-05 0.000220007 8.198e-05 1 0.0797556 0.0143146 -0.0962722
FixedParameters: 0 0 0

#Transform 61
Transform: AffineTransform_float_3_3
Parameters: 1 0.000117962 3.51277e-05 -0.000118039 1 0.001082 -3.58723e-05 -0.00108201 1 0.0863501 -0.219465 -0.348267
FixedParameters: 0 0 0

#Transform 62
Transform: AffineTransform_float_3_3
Parameters: 1 -9.10154e-05 1.59122e-05 9.09845e-05 0.999999 0.000965001 -1.60878e-05 -0.000964998 0.999999 0.029269 -0.314524 -0.248935
FixedParameters: 0 0 0

#Transform 63
Transform: AffineTransform_float_3_3
Parameters: 1 0.000149075 -0.000219949 -0.000148925 1 0.000340033 0.000220051 -0.000339967 1 0.153266 0.0248825 -0.254468
FixedParameters: 0 0 0

#Transform 64
Transform: AffineTransform_float_3_3
Parameters: 1 -9.0779e-05 -0.000220091 9.12208e-05 0.999999 0.00100398 0.000219908 -0.00100402 0.999999 0.079841 -0.31108 -0.350229
FixedParameters: 0 0 0

#Transform 65
Transform: AffineTransform_float_3_3
Parameters: 1 -9.09769e-05 0.000231009 9.10231e-05 1 -9.9979e-05 -0.000230991 0.000100021 1 -0.0166899 -0.00527508 0.00127805
FixedParameters: 0 0 0

#Transform 66
Transform: AffineTransform_float_3_3
Parameters: 1 0.00018866 0.000309208 -0.00018834 1 0.00110094 -0.000308793 -0.00110106 1 0.0485204 -0.234485 -0.321235
FixedParameters: 0 0 0

#Transform 67
Transform: AffineTransform_float_3_3
Parameters: 1 0.000213175 -0.00021983 -0.000212825 0.999999 0.000796046 0.000220169 -0.000795953 0.999999 0.16882 -0.218858 -0.319287
FixedParameters: 0 0 0

#Transform 68
Transform: AffineTransform_float_3_3
Parameters: 1 0.000298152 -0.000219794 -0.000298848 0.999999 0.000691065 0.000220206 -0.000690934 0.999999 0.193762 -0.0527043 -0.368955
FixedParameters: 0 0 0

#Transform 69
Transform: AffineTransform_float_3_3
Parameters: 1 0.000210225 -0.000219786 -0.000209775 1 0.00102105 0.000220214 -0.00102095 1 0.167939 -0.301364 -0.334541
FixedParameters: 0 0 0

#Transform 70
Transform: AffineTransform_float_3_3
Parameters: 1 0.000202985 0.000160018 -0.000203015 1 9.09675e-05 -0.000159982 -9.10325e-05 1 0.0870007 0.0731827 -0.0942932
FixedParameters: 0 0 0

#Transform 71
Transform: AffineTransform_float_3_3
Parameters: 1 0.000221293 -0.000219705 -0.000220706 0.999999 0.00133405 0.000220295 -0.00133395 0.999999 0.16305 -0.350893 -0.416423
FixedParameters: 0 0 0

#Transform 72
Transform: AffineTransform_float_3_3
Parameters: 1 0.000274069 -0.000219914 -0.000273931 1 0.00031506 0.000220086 -0.00031494 1 0.188861 -0.038395 -0.200556
FixedParameters: 0 0 0

#Transform 73
Transform: AffineTransform_float_3_3
Parameters: 1 0.000435193 -0.000219618 -0.000434807 0.999999 0.000877095 0.000220382 -0.000877903 0.999999 0.233855 -0.114739 -0.365519
FixedParameters: 0 0 0

#Transform 74
Transform: AffineTransform_float_3_3
Parameters: 1 0.000271215 -0.000219735 -0.000270785 1 0.000978061 0.000220265 -0.000977941 1 0.185854 -0.260727 -0.346304
FixedParameters: 0 0 0

#Transform 75
Transform: AffineTransform_float_3_3
Parameters: 1 0.000268948 9.71447e-05 -0.000269052 1 0.000537974 -9.68552e-05 -0.000538026 1 0.117353 -0.0102248 -0.243738
FixedParameters: 0 0 0

#Transform 76
Transform: AffineTransform_float_3_3
Parameters: 1 0.000249152 -0.000114671 -0.000248848 0.999999 0.00132003 0.000115329 -0.00131997 0.999999 0.156865 -0.372328 -0.390016
FixedParameters: 0 0 0

#Transform 77
Transform: AffineTransform_float_3_3
Parameters: 1 0.000315134 -0.000219807 -0.000314865 1 0.000612069 0.000220193 -0.00061193 1 0.203891 -0.0263572 -0.329064
FixedParameters: 0 0 0

#Transform 78
Transform: AffineTransform_float_3_3
Parameters: 1 0.000326598 0.000261503 -0.000326401 0.999999 0.00153891 -0.000260498 -0.00153908 0.999999 0.0991412 -0.375656 -0.377336
FixedParameters: 0 0 0

#Transform 79
Transform: AffineTransform_float_3_3
Parameters: 1 0.000396918 0.000131248 -0.000397082 0.999999 0.000623948 -0.000130752 -0.000624052 1 0.147633 -0.047229 -0.214768
FixedParameters: 0 0 0

#Transform 80
Transform: AffineTransform_float_3_3
Parameters: 1 0.000564848 0.000105815 -0.000565152 0.999999 0.00144194 -0.000105185 -0.00144206 0.999999 0.202275 -0.225649 -0.426621
FixedParameters: 0 0 0

#Transform 81
Transform: AffineTransform_float_3_3
Parameters: 1 0.000514666 0.000226758 -0.000515334 0.999999 0.00147288 -0.000226241 -0.00147312 0.999999 0.161609 -0.300701 -0.380235
FixedParameters: 0 0 0

#Transform 82
Transform: AffineTransform_float_3_3
Parameters: 1 0.000514741 0.000213626 -0.00051526 0.999999 0.00121589 -0.000213374 -0.00121611 0.999999 0.164508 -0.0940585 -0.394302
FixedParameters: 0 0 0

#Transform 83
Transform: AffineTransform_float_3_3
Parameters: 1 0.000514597 0.000208994 -0.000515403 0.999998 0.00193089 -0.000208005 -0.00193111 0.999998 0.165358 -0.439878 -0.499263
FixedParameters: 0 0 0

#Transform 84
Transform: AffineTransform_float_3_3
Parameters: 1 0.000514867 0.000142481 -0.000515133 1 0.000933927 -0.000142519 -0.000933073 0.999999 0.179769 -0.0405204 -0.330516
FixedParameters: 0 0 0

#Transform 85
Transform: AffineTransform_float_3_3
Parameters: 1 0.000601579 0.000203249 -0.00060142 0.999997 0.00207488 -0.000201752 -0.00207512 0.999998 0.177401 -0.416006 -0.55103
FixedParameters: 0 0 0

#Transform 86
Transform: AffineTransform_float_3_3
Parameters: 1 0.000514675 0.000473353 -0.000515325 0.999999 0.000685756 -0.000473646 -0.000686243 0.999999 0.108957 -0.0508566 -0.133287
FixedParameters: 0 0 0

#Transform 87
Transform: AffineTransform_float_3_3
Parameters: 1 0.000514263 0.000452838 -0.000514735 0.999998 0.00162877 -0.000451162 -0.00162823 0.999998 0.113238 -0.243433 -0.438941
FixedParameters: 0 0 0

#Transform 88
Transform: AffineTransform_float_3_3
Parameters: 1 0.000514746 0.00015982 -0.000515252 0.999998 0.00159292 -0.000158179 -0.00159308 0.999998 0.17596 -0.346004 -0.422221
FixedParameters: 0 0 0

#Transform 89
Transform: AffineTransform_float_3_3
Parameters: 1 0.000514705 0.000232653 -0.000515295 0.999999 0.00126788 -0.000232347 -0.00126812 0.999999 0.170651 -0.101717 -0.404694
FixedParameters: 0 0 0

#Transform 90
Transform: AffineTransform_float_3_3
Parameters: 1 0.000514779 0.000112018 -0.00051522 0.999998 0.00197694 -0.000110982 -0.00197706 0.999998 0.186145 -0.433357 -0.506126
FixedParameters: 0 0 0

#Transform 91
Transform: AffineTransform_float_3_3
Parameters: 1 0.000514415 0.000442681 -0.000514585 0.999999 0.00132277 -0.000442319 -0.00132323 0.999999 0.115447 -0.152668 -0.356726
FixedParameters: 0 0 0

#Transform 92
Transform: AffineTransform_float_3_3
Parameters: 1 0.000514435 0.000280039 -0.000514564 0.999998 0.00201886 -0.000278962 -0.00201914 0.999998 0.150171 -0.384129 -0.534094
FixedParameters: 0 0 0

#Transform 93
Transform: AffineTransform_float_3_3
Parameters: 0.999999 0.000514285 0.000545674 -0.000514715 0.999999 0.00131072 -0.000545325 -0.00131128 0.999999 0.10068 -0.236395 -0.273772
FixedParameters: 0 0 0

#Transform 94
Transform: AffineTransform_float_3_3
Parameters: 1 0.000514168 0.000441969 -0.00051483 0.999998 0.00188377 -0.000440031 -0.00188423 0.999998 0.115525 -0.282956 -0.515557
FixedParameters: 0 0 0

#Transform 95
Transform: AffineTransform_float_3_3
Parameters: 1 0.000514513 0.000252992 -0.000515487 0.999998 0.00192787 -0.000252007 -0.00192813 0.999998 0.155938 -0.421147 -0.484274
FixedParameters: 0 0 0

#Transform 96
Transform: AffineTransform_float_3_3
Parameters: 1 0.000514377 0.000427749 -0.000514622 0.999999 0.00145578 -0.000427251 -0.00145622 0.999999 0.130278 -0.137659 -0.426918
FixedParameters: 0 0 0

#Transform 97
Transform: AffineTransform_float_3_3
Parameters: 0.999999 0.000672768 0.000579432 -0.000674233 0.999998 0.00212761 -0.000578566 -0.00212839 0.999997 0.135752 -0.423578 -0.472811
FixedParameters: 0 0 0

#Transform 98
Transform: AffineTransform_float_3_3
Parameters: 1 0.000514438 0.00038575 -0.000514561 0.999999 0.0014578 -0.00038425 -0.0014582 0.999999 0.144357 -0.21025 -0.383824
FixedParameters: 0 0 0

#Transform 99
Transform: AffineTransform_float_3_3
Parameters: 0.999999 0.000667506 0.000243357 -0.000668494 0.999997 0.00203184 -0.000242642 -0.00203216 0.999998 0.219641 -0.282814 -0.603234
FixedParameters: 0 0 0

#Transform 100
Transform: AffineTransform_float_3_3
Parameters: 1 0.000514507 0.000230105 -0.000515492 0.999997 0.00214688 -0.000228894 -0.00214712 0.999997 0.170213 -0.43697 -0.581617
FixedParameters: 0 0 0

#Transform 101
Transform: AffineTransform_float_3_3
Parameters: 0.999999 0.000513856 0.000576022 -0.000515143 0.999998 0.0019867 -0.000574977 -0.0019873 0.999998 0.103494 -0.258837 -0.549599
FixedParameters: 0 0 0

#Transform 102
Transform: AffineTransform_float_3_3
Parameters: 1 0.000514682 0.000133234 -0.000515317 0.999997 0.00239693 -0.000131765 -0.00239707 0.999997 0.183428 -0.529234 -0.647929
FixedParameters: 0 0 0

#Transform 103
Transform: AffineTransform_float_3_3
Parameters: 0.999999 0.000514023 0.000593847 -0.000514977 0.999998 0.00164569 -0.000593154 -0.00164531 0.999999 0.0997502 -0.182913 -0.463233
FixedParameters: 0 0 0

#Transform 104
Transform: AffineTransform_float_3_3
Parameters: 0.999999 0.00061752 0.000571603 -0.000619481 0.999997 0.00259265 -0.000570395 -0.00259335 0.999996 0.13483 -0.486967 -0.673362
FixedParameters: 0 0 0

#Transform 105
Transform: AffineTransform_float_3_3
Parameters: 1 0.000514576 0.000194128 -0.000515424 0.999998 0.0021919 -0.000192871 -0.0021921 0.999997 0.167936 -0.444681 -0.603493
FixedParameters: 0 0 0

#Transform 106
Transform: AffineTransform_float_3_3
Parameters: 0.999999 0.000672559 0.000249192 -0.00067244 0.999998 0.00177183 -0.000247809 -0.00177217 0.999999 0.207137 -0.183067 -0.572552
FixedParameters: 0 0 0

#Transform 107
Transform: AffineTransform_float_3_3
Parameters: 1 0.000514313 0.000298189 -0.000514687 0.999997 0.00230985 -0.000296812 -0.00231015 0.999998 0.145616 -0.460431 -0.604592
FixedParameters: 0 0 0

#Transform 108
Transform: AffineTransform_float_3_3
Parameters: 1 0.000515045 -3.0246e-05 -0.000514955 0.999999 0.00146402 3.07539e-05 -0.00146398 0.999999 0.21615 -0.149819 -0.529035
FixedParameters: 0 0 0

#Transform 109
Transform: AffineTransform_float_3_3
Parameters: 0.999999 0.000618182 0.000352438 -0.000618817 0.999997 0.00232478 -0.000350562 -0.00232522 0.999997 0.150863 -0.449236 -0.613017
FixedParameters: 0 0 0

#Transform 110
Transform: AffineTransform_float_3_3
Parameters: 1 0.000514422 0.000410724 -0.000514578 0.999999 0.00140679 -0.000410276 -0.00140721 0.999999 0.121617 -0.213325 -0.363223
FixedParameters: 0 0 0

#Transform 111
Transform: AffineTransform_float_3_3
Parameters: 1 0.000514424 0.000280059 -0.000514575 0.999997 0.00205786 -0.000278941 -0.00205814 0.999998 0.14956 -0.332144 -0.607147
FixedParameters: 0 0 0

#Transform 112
Transform: AffineTransform_float_3_3
Parameters: 1 0.000514626 0.000265724 -0.000515374 0.999999 0.00140686 -0.000265275 -0.00140714 0.999999 0.169086 -0.343654 -0.350017
FixedParameters: 0 0 0

#Transform 113
Transform: AffineTransform_float_3_3
Parameters: 1 0.000801811 0.000548277 -0.00080119 0.999999 0.000345561 -0.000547724 -0.000345439 1 0.19284 0.0961179 -0.0438373
FixedParameters: 0 0 0

#Transform 114
Transform: AffineTransform_float_3_3
Parameters: 1 0.00108443 0.00034578 -0.00108457 0.999998 0.00164063 -0.000344221 -0.00164138 0.999999 0.297069 -0.160845 -0.449225
FixedParameters: 0 0 0

#Transform 115
Transform: AffineTransform_float_3_3
Parameters: 1 0.000998625 0.000318179 -0.000998376 0.999999 0.00117968 -0.000317822 -0.00118032 1 0.282423 -0.14835 -0.261184
FixedParameters: 0 0 0

#Transform 116
Transform: AffineTransform_float_3_3
Parameters: 1 0.000963524 0.000354298 -0.000963476 0.999998 0.00134666 -0.000352703 -0.00134734 0.999999 0.264652 -0.0536017 -0.368727
FixedParameters: 0 0 0

#Transform 117
Transform: AffineTransform_float_3_3
Parameters: 0.999999 0.000768487 0.000291356 -0.000768512 0.999998 0.00176378 -0.000289645 -0.00176322 0.999999 0.220837 -0.340228 -0.427571
FixedParameters: 0 0 0

#Transform 118
Transform: AffineTransform_float_3_3
Parameters: 0.999999 0.000785431 0.000496899 -0.000786567 0.999999 0.00114461 -0.000495099 -0.00114539 0.999999 0.182119 -0.0175006 -0.317977
FixedParameters: 0 0 0

#Transform 119
Transform: AffineTransform_float_3_3
Parameters: 0.999999 0.000804667 0.000181482 -0.000804334 0.999998 0.00184186 -0.000180519 -0.00184215 0.999999 0.254948 -0.346406 -0.469599
FixedParameters: 0 0 0

#Transform 120
Transform: AffineTransform_float_3_3
Parameters: 1 0.000963237 0.000733004 -0.000963763 0.999999 0.00104129 -0.000731997 -0.00104171 0.999999 0.195886 0.0421084 -0.240287
FixedParameters: 0 0 0

#Transform 121
Transform: AffineTransform_float_3_3
Parameters: 1 0.000963273 0.000380844 -0.000963728 0.999997 0.00191363 -0.000379157 -0.00191337 0.999998 0.258745 -0.332742 -0.428015
FixedParameters: 0 0 0

#Transform 122
Transform: AffineTransform_float_3_3
Parameters: 0.999999 0.000963046 0.000768198 -0.000963954 0.999999 0.00124326 -0.000766802 -0.00124374 0.999999 0.194323 -0.0464167 -0.247346
FixedParameters: 0 0 0

#Transform 123
Transform: AffineTransform_float_3_3
Parameters: 0.999999 0.0009615 0.00103034 -0.000963498 0.999996 0.00242801 -0.00102766 -0.00242899 0.999996 0.128529 -0.368712 -0.505754
FixedParameters: 0 0 0

#Transform 124
Transform: AffineTransform_float_3_3
Parameters: 0.999999 0.000962163 0.00102972 -0.000963837 0.999998 0.00178501 -0.00102828 -0.00178599 0.999998 0.138128 -0.254769 -0.308478
FixedParameters: 0 0 0

#Transform 125
Transform: AffineTransform_float_3_3
Parameters: 0.999999 0.000961767 0.00103009 -0.000964234 0.999997 0.00217001 -0.00102791 -0.00217099 0.999997 0.13798 -0.228746 -0.484697
FixedParameters: 0 0 0

#Transform 126
Transform: AffineTransform_float_3_3
Parameters: 0.999999 0.000962095 0.000783346 -0.000963906 0.999996 0.00243525 -0.000781655 -0.00243575 0.999996 0.190687 -0.450257 -0.531591
FixedParameters: 0 0 0

#Transform 127
Transform: AffineTransform_float_3_3
Parameters: 0.999999 0.000962507 0.00086766 -0.000963494 0.999998 0.00172217 -0.000866342 -0.00172284 0.999998 0.172994 -0.0957056 -0.415322
FixedParameters: 0 0 0

#Transform 128
Transform: AffineTransform_float_3_3
Parameters: 1 0.000962229 0.000720373 -0.000963772 0.999997 0.00246331 -0.000717628 -0.00246369 0.999996 0.204321 -0.454384 -0.523504
FixedParameters: 0 0 0

#Transform 129
Transform: AffineTransform_float_3_3
Parameters: 0.999999 0.000962956 0.000894126 -0.000964044 0.999999 0.00116814 -0.000892874 -0.00116886 0.999999 0.167507 -0.0288903 -0.22036
FixedParameters: 0 0 0

#Transform 130
Transform: AffineTransform_float_3_3
Parameters: 0.999999 0.000961898 0.000895263 -0.000964103 0.999997 0.00235014 -0.000893736 -0.00235086 0.999997 0.147432 -0.353879 -0.521924
FixedParameters: 0 0 0

#Transform 131
Transform: AffineTransform_float_3_3
Parameters: 0.999999 0.000962409 0.000894715 -0.000963592 0.999998 0.00178014 -0.000893286 -0.00178086 0.999998 0.153651 -0.220059 -0.342239
FixedParameters: 0 0 0

#Transform 132
Transform: AffineTransform_float_3_3
Parameters: 0.999999 0.000962045 0.000895107 -0.000963956 0.999997 0.00218714 -0.000892894 -0.00218786 0.999997 0.147549 -0.246762 -0.507047
FixedParameters: 0 0 0

#Transform 133
Transform: AffineTransform_float_3_3
Parameters: 0.999999 0.00105096 0.000957241 -0.00105304 0.999997 0.00213 -0.000954759 -0.00213101 0.999998 0.160318 -0.333002 -0.436007
FixedParameters: 0 0 0

#Transform 134
Transform: AffineTransform_float_3_3
Parameters: 0.999999 0.000962099 0.00105374 -0.000963901 0.999998 0.00180499 -0.00105226 -0.00180601 0.999998 0.128076 -0.126776 -0.40173
FixedParameters: 0 0 0

#Transform 135
Transform: AffineTransform_float_3_3
Parameters: 0.999999 0.00103932 0.000878994 -0.00104068 0.999997 0.00191709 -0.000877006 -0.00191791 0.999998 0.180601 -0.329909 -0.364677
FixedParameters: 0 0 0

#Transform 136
Transform: AffineTransform_float_3_3
Parameters: 0.999999 0.000962292 0.00105356 -0.000963707 0.999998 0.00162199 -0.00105144 -0.00162301 0.999998 0.135223 -0.0982006 -0.362321
FixedParameters: 0 0 0

#Transform 137
Transform: AffineTransform_float_3_3
Parameters: 0.999999 0.000962166 0.00105368 -0.000963834 0.999998 0.00174099 -0.00105232 -0.00174201 0.999998 0.103213 -0.24482 -0.340835
FixedParameters: 0 0 0

#Transform 138
Transform: AffineTransform_float_3_3
Parameters: 0.999999 0.000961932 0.000893233 -0.000964068 0.999997 0.00231814 -0.000890767 -0.00231886 0.999997 0.137465 -0.354654 -0.502223
FixedParameters: 0 0 0

#Transform 139
Transform: AffineTransform_float_3_3
Parameters: 0.999999 0.00103494 0.000897379 -0.00103706 0.999997 0.00229607 -0.000895621 -0.00229693 0.999997 0.167889 -0.224268 -0.587622
FixedParameters: 0 0 0

#Transform 140
Transform: AffineTransform_float_3_3
Parameters: 1 0.000962932 0.000413496 -0.00096407 0.999996 0.0025906 -0.000411503 -0.0025914 0.999996 0.235658 -0.460723 -0.662727
FixedParameters: 0 0 0

#Transform 141
Transform: AffineTransform_float_3_3
Parameters: 1 0.00102188 0.000646774 -0.00102312 0.999998 0.00173434 -0.000645227 -0.00173466 0.999999 0.219835 -0.11316 -0.480523
FixedParameters: 0 0 0

#Transform 142
Transform: AffineTransform_float_3_3
Parameters: 1 0.000962755 0.000592031 -0.000964246 0.999998 0.00210743 -0.000589968 -0.00210857 0.999997 0.195361 -0.340674 -0.513766
FixedParameters: 0 0 0

#Transform 143
Transform: AffineTransform_float_3_3
Parameters: 0.999999 0.000723528 0.000683561 -0.00072547 0.999998 0.00215451 -0.000681438 -0.0021555 0.999998 0.14457 -0.384763 -0.550576
FixedParameters: 0 0 0

#Transform 144
Transform: AffineTransform_float_3_3
Parameters: 0.999999 0.000829192 0.000643335 -0.000830805 0.999995 0.00281347 -0.000640664 -0.00281453 0.999996 0.194738 -0.438411 -0.822873
FixedParameters: 0 0 0

#Transform 145
Transform: AffineTransform_float_3_3
Parameters: 0.999999 0.000695861 0.000773928 -0.000698138 0.999996 0.00276646 -0.000772071 -0.00276754 0.999996 0.117012 -0.574713 -0.684622
FixedParameters: 0 0 0

#Transform 146
Transform: AffineTransform_float_3_3
Parameters: 1 0.000689255 0.000902336 -0.000690747 0.999998 0.00193538 -0.000901665 -0.00193562 0.999997 0.109287 -0.249418 -0.516772
FixedParameters: 0 0 0

#Transform 147
Transform: AffineTransform_float_3_3
Parameters: 0.999999 0.00079919 0.00104515 -0.00080181 0.999996 0.00269116 -0.00104285 -0.00269184 0.999996 0.0903306 -0.533274 -0.580053
FixedParameters: 0 0 0

#Transform 148
Transform: AffineTransform_float_3_3
Parameters: 0.999999 0.000961765 0.00124173 -0.000964234 0.999998 0.0017998 -0.00124027 -0.00180119 0.999997 0.096063 -0.247388 -0.303963
FixedParameters: 0 0 0

#Transform 149
Transform: AffineTransform_float_3_3
Parameters: 0.999998 0.000960657 0.00126654 -0.000964343 0.999996 0.00264078 -0.00126446 -0.00264222 0.999995 0.09317 -0.400659 -0.570961
FixedParameters: 0 0 0

#Transform 150
Transform: AffineTransform_float_3_3
Parameters: 0.999999 0.000961753 0.000845563 -0.000964246 0.999996 0.00266119 -0.000842437 -0.00266181 0.999996 0.180659 -0.502716 -0.59068
FixedParameters: 0 0 0

#Transform 151
Transform: AffineTransform_float_3_3
Parameters: 0.999999 0.000960535 0.00141736 -0.000963468 0.999996 0.00244664 -0.00141565 -0.00244736 0.999996 0.0762748 -0.278365 -0.520996
FixedParameters: 0 0 0

#Transform 152
Transform: AffineTransform_float_3_3
Parameters: 0.999999 0.000960658 0.00112387 -0.000964339 0.999995 0.00297692 -0.00112013 -0.00297808 0.999995 0.13903 -0.58215 -0.614287
FixedParameters: 0 0 0

#Transform 153
Transform: AffineTransform_float_3_3
Parameters: 0.999999 0.000869015 0.00100172 -0.000870983 0.999997 0.00198213 -0.000999274 -0.00198387 0.999997 0.138276 -0.238128 -0.457154
FixedParameters: 0 0 0

#Transform 154
Transform: AffineTransform_float_3_3
Parameters: 0.999998 0.000960202 0.00134472 -0.000963794 0.999995 0.00282571 -0.00134128 -0.00282729 0.999995 0.0732726 -0.489978 -0.579939
FixedParameters: 0 0 0

#Transform 155
Transform: AffineTransform_float_3_3
Parameters: 0.999999 0.000961153 0.0012472 -0.000963847 0.999997 0.0022848 -0.0012448 -0.0022852 0.999996 0.100842 -0.377819 -0.428678
FixedParameters: 0 0 0

#Transform 156
Transform: AffineTransform_float_3_3
Parameters: 0.999999 0.00103506 0.000998054 -0.00103794 0.999995 0.00294597 -0.000994946 -0.00294703 0.999995 0.169024 -0.413893 -0.72788
FixedParameters: 0 0 0

#Transform 157
Transform: AffineTransform_float_3_3
Parameters: 0.999999 0.000961064 0.00106067 -0.000963937 0.999995 0.00277098 -0.00105833 -0.00277202 0.999995 0.133872 -0.508607 -0.597071
FixedParameters: 0 0 0

#Transform 158
Transform: AffineTransform_float_3_3
Parameters: 0.999999 0.000900637 0.00128736 -0.000904364 0.999996 0.00261384 -0.00128564 -0.00261516 0.999996 0.0811729 -0.324729 -0.628389
FixedParameters: 0 0 0

#Transform 159
Transform: AffineTransform_float_3_3
Parameters: 0.999999 0.000960225 0.00124592 -0.000963775 0.999995 0.0030328 -0.00124308 -0.0030342 0.999994 0.0940776 -0.556302 -0.630201
FixedParameters: 0 0 0

#Transform 160
Transform: AffineTransform_float_3_3
Parameters: 0.999999 0.000961769 0.00108798 -0.000964231 0.999998 0.00205195 -0.00108602 -0.00205305 0.999998 0.141911 -0.229125 -0.449206
FixedParameters: 0 0 0

#Transform 161
Transform: AffineTransform_float_3_3
Parameters: 0.999999 0.000960525 0.00121376 -0.000963476 0.999996 0.00286584 -0.00121124 -0.00286717 0.999995 0.101055 -0.460353 -0.640962
FixedParameters: 0 0 0

#Transform 162
Transform: AffineTransform_float_3_3
Parameters: 0.999999 0.00102745 0.00103653 -0.00102955 0.999997 0.00246194 -0.00103347 -0.00246307 0.999997 0.158549 -0.404511 -0.514065
FixedParameters: 0 0 0

#Transform 163
Transform: AffineTransform_float_3_3
Parameters: 0.999999 0.000962125 0.00103574 -0.000963873 0.999998 0.001811 -0.00103326 -0.001812 0.999998 0.155653 -0.136346 -0.454396
FixedParameters: 0 0 0

#Transform 164
Transform: AffineTransform_float_3_3
Parameters: 0.999999 0.000961455 0.00103637 -0.000963545 0.999997 0.00245801 -0.00103363 -0.002459 0.999997 0.124819 -0.45207 -0.537972
FixedParameters: 0 0 0

#Transform 165
Transform: AffineTransform_float_3_3
Parameters: 0.999999 0.000961879 0.000906257 -0.000964121 0.999997 0.00234313 -0.000903743 -0.00234387 0.999997 0.179118 -0.332162 -0.560285
FixedParameters: 0 0 0

#Transform 166
Transform: AffineTransform_float_3_3
Parameters: 0.999999 0.000961656 0.000968333 -0.000964345 0.999996 0.00242307 -0.000966665 -0.00242393 0.999996 0.156867 -0.276856 -0.651725
FixedParameters: 0 0 0

#Transform 167
Transform: AffineTransform_float_3_3
Parameters: 0.999999 0.000889727 0.000850384 -0.000891274 0.999996 0.00267524 -0.000848618 -0.00267676 0.999996 0.160878 -0.529099 -0.63089
FixedParameters: 0 0 0

#Transform 168
Transform: AffineTransform_float_3_3
Parameters: 0.999999 0.000961961 0.000983998 -0.00096404 0.999998 0.00207405 -0.000982003 -0.00207495 0.999998 0.163693 -0.22643 -0.523308
FixedParameters: 0 0 0

#Transform 169
Transform: AffineTransform_float_3_3
Parameters: 0.999999 0.000961795 0.000862466 -0.000964207 0.999997 0.00256017 -0.000860534 -0.00256083 0.999997 0.179549 -0.417506 -0.634024
FixedParameters: 0 0 0

#Transform 170
Transform: AffineTransform_float_3_3
Parameters: 0.999999 0.000960308 0.00119797 -0.000963691 0.999995 0.00308485 -0.00119503 -0.00308615 0.999994 0.107461 -0.551188 -0.670657
FixedParameters: 0 0 0

#Transform 171
Transform: AffineTransform_float_3_3
Parameters: 0.999998 0.000959644 0.00140598 -0.000964355 0.999994 0.00310065 -0.00140302 -0.00310135 0.999994 0.0728857 -0.434213 -0.723572
FixedParameters: 0 0 0

#Transform 172
Transform: AffineTransform_float_3_3
Parameters: 0.999999 0.000959951 0.00113244 -0.000964047 0.999993 0.00357991 -0.00112856 -0.00358109 0.999993 0.118312 -0.677458 -0.801735
FixedParameters: 0 0 0

#Transform 173
Transform: AffineTransform_float_3_3
Parameters: 0.999999 0.000961696 0.000916425 -0.000964306 0.999997 0.00251712 -0.000914576 -0.00251788 0.999997 0.181777 -0.311564 -0.63074
FixedParameters: 0 0 0

#Transform 174
Transform: AffineTransform_float_3_3
Parameters: 0.999999 0.000960528 0.00102128 -0.000963474 0.999993 0.00340402 -0.00101873 -0.00340498 0.999993 0.145386 -0.600041 -0.785738
FixedParameters: 0 0 0

#Transform 175
Transform: AffineTransform_float_3_3
Parameters: 0.999999 0.000959846 0.00146773 -0.000964154 0.999995 0.00283159 -0.00146528 -0.00283341 0.999995 0.0668285 -0.477448 -0.521882
FixedParameters: 0 0 0

#Transform 176
Transform: AffineTransform_float_3_3
Parameters: 0.999998 0.000959474 0.00137517 -0.000963526 0.999994 0.00329468 -0.00137183 -0.00329532 0.999993 0.0856874 -0.479108 -0.744979
FixedParameters: 0 0 0

#Transform 177
Transform: AffineTransform_float_3_3
Parameters: 0.999998 0.00104742 0.00129771 -0.00105158 0.999993 0.00353264 -0.00129429 -0.00353436 0.999993 0.127945 -0.674624 -0.718908
FixedParameters: 0 0 0

#Transform 178
Transform: AffineTransform_float_3_3
Parameters: 0.999999 0.000959662 0.00158863 -0.000964338 0.999996 0.00273147 -0.00158637 -0.00273353 0.999995 0.0400591 -0.337636 -0.556327
FixedParameters: 0 0 0

#Transform 179
Transform: AffineTransform_float_3_3
Parameters: 0.999998 0.000958497 0.0016542 -0.000963501 0.999994 0.00332841 -0.0016508 -0.00333059 0.999993 0.025792 -0.642171 -0.577743
FixedParameters: 0 0 0

#Transform 180
Transform: AffineTransform_float_3_3
Parameters: 0.999998 0.000960253 0.00143352 -0.000963748 0.999996 0.00261562 -0.00143148 -0.00261638 0.999995 0.0735445 -0.358919 -0.532672
FixedParameters: 0 0 0

#Transform 181
Transform: AffineTransform_float_3_3
Parameters: 0.999998 0.000958734 0.00143453 -0.000964265 0.999993 0.00367362 -0.00143147 -0.00367538 0.999992 0.0729162 -0.661257 -0.77018
FixedParameters: 0 0 0

#Transform 182
Transform: AffineTransform_float_3_3
Parameters: 0.999998 0.000959851 0.00143379 -0.000964151 0.999996 0.00289662 -0.00143121 -0.00289738 0.999995 0.0734067 -0.500577 -0.533581
FixedParameters: 0 0 0

#Transform 183
Transform: AffineTransform_float_3_3
Parameters: 0.999998 0.00111578 0.00155277 -0.00112122 0.999993 0.00336626 -0.00154823 -0.00336773 0.999993 0.0895487 -0.4789 -0.725929
FixedParameters: 0 0 0

#Transform 184
Transform: AffineTransform_float_3_3
Parameters: 0.999999 0.0010386 0.0014808 -0.0010434 0.999993 0.00365146 -0.0014772 -0.00365354 0.999992 0.0862822 -0.703724 -0.707958
FixedParameters: 0 0 0

#Transform 185
Transform: AffineTransform_float_3_3
Parameters: 0.999999 0.000959455 0.00155881 -0.000963546 0.999996 0.0029175 -0.00155619 -0.0029195 0.999994 0.0419077 -0.367251 -0.609256
FixedParameters: 0 0 0

#Transform 186
Transform: AffineTransform_float_3_3
Parameters: 0.999999 0.000959967 0.00113642 -0.000964035 0.999993 0.00355391 -0.00113358 -0.00355509 0.999993 0.114149 -0.665527 -0.771299
FixedParameters: 0 0 0

#Transform 187
Transform: AffineTransform_float_3_3
Parameters: 0.999998 0.000959712 0.00143587 -0.000964287 0.999995 0.00298762 -0.00143312 -0.00298938 0.999994 0.0611407 -0.469097 -0.610402
FixedParameters: 0 0 0

#Transform 188
Transform: AffineTransform_float_3_3
Parameters: 0.999999 0.000960131 0.00106052 -0.000963867 0.999993 0.00365398 -0.00105648 -0.00365502 0.999993 0.148184 -0.571795 -0.915426
FixedParameters: 0 0 0

#Transform 189
Transform: AffineTransform_float_3_3
Parameters: 0.999998 0.00102165 0.00128048 -0.00102634 0.999993 0.00339769 -0.00127652 -0.00339931 0.999994 0.119232 -0.616859 -0.720501
FixedParameters: 0 0 0

#Transform 190
Transform: AffineTransform_float_3_3
Parameters: 0.999999 0.000960428 0.00116795 -0.000963572 0.999995 0.00306188 -0.00116505 -0.00306212 0.999994 0.125392 -0.371421 -0.751463
FixedParameters: 0 0 0

#Transform 191
Transform: AffineTransform_float_3_3
Parameters: 0.999999 0.000959656 0.00116459 -0.000964345 0.999992 0.00373488 -0.00116141 -0.00373612 0.999993 0.12586 -0.724682 -0.796831
FixedParameters: 0 0 0

#Transform 192
