# transform file /out/sourcedata/freesurfer/sub-v1s1x0050650_ses-1/mri/transforms/cc_up.lta
# created by oesteban on Thu Mar 12 15:52:08 2026

type      = 0 # LINEAR_VOX_TO_VOX
nxforms   = 1
mean      = 130.0000 137.0000 115.0000
sigma     = 10000.0000
1 4 4
9.985119104385376e-01 4.890758916735649e-02 2.412500232458115e-02 -1.104205513000488e+01 
-4.889332130551338e-02 9.988032579421997e-01 -1.181309344246984e-03 9.658593177795410e+00 
-2.415390871465206e-02 0.000000000000000e+00 9.997082948684692e-01 1.918284034729004e+01 
0.000000000000000e+00 0.000000000000000e+00 0.000000000000000e+00 1.000000000000000e+00 
src volume info
valid = 1  # volume info valid
filename = /out/sourcedata/freesurfer/sub-v1s1x0050650_ses-1/mri/norm.mgz
volume = 256 256 256
voxelsize = 1.000000000000000e+00 1.000000000000000e+00 1.000000000000000e+00
xras   = -1.000000000000000e+00 0.000000000000000e+00 0.000000000000000e+00
yras   = 0.000000000000000e+00 0.000000000000000e+00 -1.000000000000000e+00
zras   = 0.000000000000000e+00 1.000000000000000e+00 0.000000000000000e+00
cras   = -4.500000000000000e+00 -1.400000000000000e+01 2.400000000000000e+01
dst volume info
valid = 1  # volume info valid
filename = /out/sourcedata/freesurfer/sub-v1s1x0050650_ses-1/mri/norm.mgz
volume = 256 256 256
voxelsize = 1.000000000000000e+00 1.000000000000000e+00 1.000000000000000e+00
xras   = -1.000000000000000e+00 0.000000000000000e+00 0.000000000000000e+00
yras   = 0.000000000000000e+00 0.000000000000000e+00 -1.000000000000000e+00
zras   = 0.000000000000000e+00 1.000000000000000e+00 0.000000000000000e+00
cras   = -4.500000000000000e+00 -1.400000000000000e+01 2.400000000000000e+01
