#Insight Transform File V1.0
#Transform 0
Transform: AffineTransform_float_3_3
Parameters: 0.999999 0.000144458 0.00156978 -0.000142541 0.999999 -0.00156623 -0.00157023 0.00156578 0.999998 -0.0514771 0.1329 0.778556
FixedParameters: 0 0 0

#Transform 1
Transform: AffineTransform_float_3_3
Parameters: 1 8.79916e-05 0.00108884 -8.60099e-05 0.999999 -0.00182909 -0.00108816 0.00182891 0.999997 -0.000882399 0.214148 0.748519
FixedParameters: 0 0 0

#Transform 2
Transform: AffineTransform_float_3_3
Parameters: 0.999999 0.000138411 0.000917788 -0.000136589 0.999999 -0.00153713 -0.000918211 0.00153687 0.999999 0.0326547 0.120229 0.602085
FixedParameters: 0 0 0

#Transform 3
Transform: AffineTransform_float_3_3
Parameters: 0.999999 0.000285437 0.00070542 -0.000283564 0.999998 -0.0020362 -0.000705579 0.0020368 0.999997 0.111432 0.335193 0.713556
FixedParameters: 0 0 0

#Transform 4
Transform: AffineTransform_float_3_3
Parameters: 1 0.000307854 0.000595559 -0.000307145 0.999999 -0.00143318 -0.00059644 0.00143282 0.999999 0.127864 0.172376 0.522816
FixedParameters: 0 0 0

#Transform 5
Transform: AffineTransform_float_3_3
Parameters: 1 3.17169e-05 0.000642965 -3.1283e-05 1 -0.00111502 -0.000643035 0.00111498 0.999999 0.0175367 0.0870517 0.399688
FixedParameters: 0 0 0

#Transform 6
Transform: AffineTransform_float_3_3
Parameters: 1 0.000272094 0.000585493 -0.000270907 0.999998 -0.00186716 -0.000585507 0.00186784 0.999998 0.102162 0.34231 0.597868
FixedParameters: 0 0 0

#Transform 7
Transform: AffineTransform_float_3_3
Parameters: 1 0.000140405 0.000286802 -0.000139595 0.999999 -0.00141004 -0.000287197 0.00140996 0.999999 0.0925342 0.211882 0.442074
FixedParameters: 0 0 0

#Transform 8
Transform: AffineTransform_float_3_3
Parameters: 1 3.10649e-05 0.00010198 -3.09351e-05 1 -0.000636003 -0.00010202 0.000635997 1 0.0680696 -0.0035277 0.211212
FixedParameters: 0 0 0

#Transform 9
Transform: AffineTransform_float_3_3
Parameters: 1 3.10753e-05 4.59491e-05 -3.09246e-05 0.999998 -0.001639 -4.60507e-05 0.001639 0.999998 0.0614908 0.219313 0.43207
FixedParameters: 0 0 0

#Transform 10
Transform: AffineTransform_float_3_3
Parameters: 1 3.10081e-05 4.94946e-06 -3.09918e-05 0.999998 -0.00163 -5.05052e-06 0.00163 0.999998 0.070425 0.256278 0.456719
FixedParameters: 0 0 0

#Transform 11
Transform: AffineTransform_float_3_3
Parameters: 1 3.11419e-05 0.000101957 -3.08581e-05 0.999999 -0.001391 -0.000102043 0.001391 0.999999 0.050944 0.126179 0.53912
FixedParameters: 0 0 0

#Transform 12
Transform: AffineTransform_float_3_3
Parameters: 1 3.10839e-05 0.000101974 -3.0916e-05 0.999999 -0.000823003 -0.000102025 0.000822996 0.999999 0.0300222 0.0448829 0.319839
FixedParameters: 0 0 0

#Transform 13
Transform: AffineTransform_float_3_3
Parameters: 1 0.000451083 0.000101629 -0.000450916 0.999999 -0.000822045 -0.000102371 0.000821953 0.999999 0.12028 0.211767 0.250551
FixedParameters: 0 0 0

#Transform 14
Transform: AffineTransform_float_3_3
Parameters: 1 3.06996e-05 -0.000336027 -3.13004e-05 0.999999 -0.000893989 0.000335972 0.00089401 0.999999 0.0614162 0.16526 0.190032
FixedParameters: 0 0 0

#Transform 15
Transform: AffineTransform_float_3_3
Parameters: 1 0.000184928 -0.000171078 -0.000185072 1 -0.000420968 0.000170922 0.000420032 1 0.0711175 0.0288011 0.0860491
FixedParameters: 0 0 0

#Transform 16
Transform: AffineTransform_float_3_3
Parameters: 1 -2.99253e-05 8.00279e-05 3.00747e-05 0.999999 -0.000933997 -7.99719e-05 0.000934002 0.999999 -0.036315 0.162862 0.247826
FixedParameters: 0 0 0

#Transform 17
Transform: AffineTransform_float_3_3
Parameters: 1 0.000126056 0.000145952 -0.000125944 1 -0.000384018 -0.000146048 0.000383982 1 -0.00277904 0.114876 0.116944
FixedParameters: 0 0 0

#Transform 18
Transform: AffineTransform_float_3_3
Parameters: 1 3.10143e-05 0.000275998 -3.09856e-05 1 -5.20086e-05 -0.000276002 5.19914e-05 1 -0.0469059 -0.041074 0.0537052
FixedParameters: 0 0 0

#Transform 19
Transform: AffineTransform_float_3_3
Parameters: 1 3.10263e-05 3.8979e-05 -3.09736e-05 1 -0.000676001 -3.90209e-05 0.000675998 1 -0.00790599 0.144516 0.190893
FixedParameters: 0 0 0

#Transform 20
Transform: AffineTransform_float_3_3
Parameters: 1 3.10323e-05 -0.000188995 -3.09677e-05 1 0.000171006 0.000189005 -0.000170994 1 0.0504194 -0.022933 -0.100892
FixedParameters: 0 0 0

#Transform 21
Transform: AffineTransform_float_3_3
Parameters: 1 -0.000291002 1.59543e-05 0.000290997 1 0.000157005 -1.60457e-05 -0.000156995 1 -0.0843481 -0.0709259 -0.0709867
FixedParameters: 0 0 0

#Transform 22
Transform: AffineTransform_float_3_3
Parameters: 1 -0.000336 -7.98824e-06 0.000336 1 -3.50027e-05 8.01176e-06 3.49973e-05 1 -0.105624 0.00458346 -0.0280141
FixedParameters: 0 0 0

#Transform 23
Transform: AffineTransform_float_3_3
Parameters: 1 -0.000418816 -0.000336229 0.000418183 1 0.000545859 0.000335772 -0.00054614 1 -0.085542 -0.1589 -0.270767
FixedParameters: 0 0 0

#Transform 24
Transform: AffineTransform_float_3_3
Parameters: 1 -0.000419 -6.285e-09 0.000419 1 1.5e-05 -6.285e-09 -1.5e-05 1 -0.133863 -0.0220253 -0.0313792
FixedParameters: 0 0 0

#Transform 25
Transform: AffineTransform_float_3_3
Parameters: 1 -2.48723e-05 -0.000336009 2.51277e-05 1 0.000379992 0.00033599 -0.000380008 1 0.0678435 -0.0283886 -0.201237
FixedParameters: 0 0 0

#Transform 26
Transform: AffineTransform_float_3_3
Parameters: 1 -0.000186056 8.9885e-05 0.000185944 1 0.000618016 -9.01149e-05 -0.000617983 1 -0.0485335 -0.0974339 -0.185696
FixedParameters: 0 0 0

#Transform 27
Transform: AffineTransform_float_3_3
Parameters: 1 0.000114169 -0.000449957 -0.000113831 1 0.000375051 0.000450043 -0.000374949 1 0.124566 0.0358964 -0.222836
FixedParameters: 0 0 0

#Transform 28
Transform: AffineTransform_float_3_3
Parameters: 1 0.000149926 0.00012409 -0.000149074 1 0.000599981 -0.000123911 -0.000600018 1 0.0595188 -0.033778 -0.17942
FixedParameters: 0 0 0

#Transform 29
Transform: AffineTransform_float_3_3
Parameters: 1 8.80666e-05 -0.000324982 -8.79334e-05 1 0.000205029 0.000325018 -0.000204971 1 0.0920687 0.070438 -0.153329
FixedParameters: 0 0 0

#Transform 30
Transform: AffineTransform_float_3_3
Parameters: 1 0.000582101 -0.000175663 -0.000581898 0.999999 0.000578102 0.000176336 -0.000577897 1 0.213738 0.0601303 -0.212068
FixedParameters: 0 0 0

#Transform 31
Transform: AffineTransform_float_3_3
Parameters: 1 0.000427008 -8.19603e-05 -0.000426992 1 9.3035e-05 8.20397e-05 -9.2965e-05 1 0.12748 0.149217 -0.066194
FixedParameters: 0 0 0

#Transform 32
Transform: AffineTransform_float_3_3
Parameters: 0.999999 0.000704041 -0.00032491 -0.000703958 0.999999 0.000127229 0.00032509 -0.000127771 1 0.233753 0.231971 -0.125363
FixedParameters: 0 0 0

#Transform 33
Transform: AffineTransform_float_3_3
Parameters: 1 0.00117201 -0.000110858 -0.00117199 1 0.00012113 0.000111142 -0.00012087 1 0.342243 0.226678 -0.0587004
FixedParameters: 0 0 0

#Transform 34
Transform: AffineTransform_float_3_3
Parameters: 1 0.00117171 -0.000326043 -0.00117129 0.999999 -0.000889618 0.000324957 0.000890381 0.999999 0.342501 0.470203 0.152062
FixedParameters: 0 0 0

#Transform 35
Transform: AffineTransform_float_3_3
Parameters: 0.999999 0.0011714 -0.000962737 -0.0011716 0.999999 -0.000627873 0.000961264 0.000629127 1 0.433775 0.412387 -0.0349672
FixedParameters: 0 0 0

#Transform 36
Transform: AffineTransform_float_3_3
Parameters: 0.999999 0.00117203 -0.00061595 -0.00117197 1 4.27219e-05 0.00061605 -4.2278e-05 1 0.378943 0.259953 -0.15235
FixedParameters: 0 0 0

#Transform 37
Transform: AffineTransform_float_3_3
Parameters: 0.999999 0.00125697 -0.000673052 -0.00125703 0.999999 -4.1154e-05 0.000672947 4.28459e-05 1 0.396847 0.299991 -0.159169
FixedParameters: 0 0 0

#Transform 38
Transform: AffineTransform_float_3_3
Parameters: 0.999999 0.00130181 -0.00073933 -0.00130119 0.999999 -0.000253038 0.00073867 0.000253962 0.999999 0.418565 0.418145 -0.129937
FixedParameters: 0 0 0

#Transform 39
Transform: AffineTransform_float_3_3
Parameters: 0.999998 0.0014371 -0.000908845 -0.0014369 0.999999 0.000108306 0.000909155 -0.000107694 0.999999 0.479243 0.271838 -0.235952
FixedParameters: 0 0 0

#Transform 40
Transform: AffineTransform_float_3_3
Parameters: 0.999999 0.00166157 -0.000739963 -0.00166243 0.999999 -0.000578771 0.000739037 0.00058023 1 0.489084 0.547763 -0.0547295
FixedParameters: 0 0 0

#Transform 41
Transform: AffineTransform_float_3_3
Parameters: 0.999998 0.00157004 -0.000650892 -0.00156995 0.999999 6.90219e-05 0.000650107 -6.79794e-05 1 0.479991 0.359325 -0.179547
FixedParameters: 0 0 0

#Transform 42
Transform: AffineTransform_float_3_3
Parameters: 0.999998 0.00152446 -0.000740108 -0.00152454 0.999998 -0.000725873 0.000738893 0.000727127 1 0.461809 0.497588 0.00981371
FixedParameters: 0 0 0

#Transform 43
Transform: AffineTransform_float_3_3
Parameters: 0.999999 0.00161047 -0.000837024 -0.00161153 0.999998 -0.000634652 0.000835976 0.000636347 1 0.506168 0.522509 -0.0376288
FixedParameters: 0 0 0

#Transform 44
Transform: AffineTransform_float_3_3
Parameters: 0.999999 0.00156395 -0.000802104 -0.00156405 0.999999 -6.57455e-05 0.000801896 6.72542e-05 0.999999 0.495708 0.333438 -0.187635
FixedParameters: 0 0 0

#Transform 45
Transform: AffineTransform_float_3_3
Parameters: 0.999998 0.00175949 -0.000855062 -0.00175952 0.999999 -0.000602497 0.00085394 0.000603504 1 0.55534 0.579718 -0.0721659
FixedParameters: 0 0 0

#Transform 46
Transform: AffineTransform_float_3_3
Parameters: 0.999998 0.00155231 -0.00073834 -0.00155169 0.999998 0.000425146 0.000738658 -0.000423854 0.999999 0.482692 0.297206 -0.333446
FixedParameters: 0 0 0

#Transform 47
Transform: AffineTransform_float_3_3
Parameters: 0.999998 0.00155941 -0.000740231 -0.00155958 0.999998 -0.000788847 0.000738769 0.000790153 1 0.473336 0.546563 -0.000491274
FixedParameters: 0 0 0

#Transform 48
Transform: AffineTransform_float_3_3
Parameters: 0.999998 0.00149563 -0.000739738 -0.00149536 0.999999 -0.000492894 0.000738261 0.000494105 0.999999 0.463003 0.47976 -0.0750929
FixedParameters: 0 0 0

#Transform 49
Transform: AffineTransform_float_3_3
Parameters: 0.999998 0.00150583 -0.000739348 -0.00150617 0.999999 -0.000230887 0.000738652 0.000231113 0.999999 0.472179 0.369004 -0.140853
FixedParameters: 0 0 0

#Transform 50
Transform: AffineTransform_float_3_3
Parameters: 0.999998 0.00156366 -0.000490086 -0.00156434 0.999999 -0.000694234 0.000488912 0.000695766 0.999999 0.450957 0.561043 0.0126817
FixedParameters: 0 0 0

#Transform 51
Transform: AffineTransform_float_3_3
Parameters: 0.999998 0.00147003 -0.000738937 -0.00146997 0.999999 4.30863e-05 0.000739062 -4.19136e-05 0.999999 0.464373 0.347807 -0.231706
FixedParameters: 0 0 0

#Transform 52
Transform: AffineTransform_float_3_3
Parameters: 0.999999 0.00165263 -0.000739815 -0.00165236 0.999998 -0.000492778 0.000738184 0.00049422 0.999999 0.508951 0.530185 -0.109943
FixedParameters: 0 0 0

#Transform 53
Transform: AffineTransform_float_3_3
Parameters: 0.999998 0.00153681 -0.000739386 -0.00153718 0.999999 -0.000250864 0.000738613 0.000252135 0.999999 0.474956 0.468747 -0.164547
FixedParameters: 0 0 0

#Transform 54
Transform: AffineTransform_float_3_3
Parameters: 0.999998 0.00184065 -0.000797814 -0.00184135 0.999998 -0.000441532 0.000797186 0.000442468 0.999999 0.573645 0.507906 -0.120559
FixedParameters: 0 0 0

#Transform 55
Transform: AffineTransform_float_3_3
Parameters: 0.999999 0.00171041 -0.000740358 -0.00171059 0.999998 -0.000792735 0.000738645 0.000793265 1 0.522893 0.623403 -0.0242118
FixedParameters: 0 0 0

#Transform 56
Transform: AffineTransform_float_3_3
Parameters: 0.999999 0.00171105 -0.000738879 -0.00171095 0.999998 7.12643e-05 0.00073812 -6.97371e-05 0.999999 0.522683 0.398982 -0.259849
FixedParameters: 0 0 0

#Transform 57
Transform: AffineTransform_float_3_3
Parameters: 0.999998 0.00171058 -0.000829866 -0.00171142 0.999999 -0.000505581 0.000829133 0.000507419 0.999999 0.535764 0.559273 -0.113955
FixedParameters: 0 0 0

#Transform 58
Transform: AffineTransform_float_3_3
Parameters: 0.999998 0.00176202 -0.000674948 -0.00176198 0.999998 3.01893e-05 0.000675054 -2.98106e-05 1 0.530244 0.434779 -0.223137
FixedParameters: 0 0 0

#Transform 59
Transform: AffineTransform_float_3_3
Parameters: 0.999999 0.00171068 -0.000599909 -0.00171132 0.999999 -0.000530974 0.000599091 0.000532026 0.999999 0.495851 0.55083 -0.0559131
FixedParameters: 0 0 0

#Transform 60
Transform: AffineTransform_float_3_3
Parameters: 0.999999 0.00171095 -0.000739112 -0.00171105 0.999998 -6.47354e-05 0.000738888 6.62643e-05 0.999999 0.499132 0.482959 -0.200815
FixedParameters: 0 0 0

#Transform 61
Transform: AffineTransform_float_3_3
Parameters: 0.999998 0.00171071 -0.00102349 -0.00171129 0.999999 -0.000284249 0.00102351 0.000285752 1 0.539891 0.482086 -0.188382
FixedParameters: 0 0 0

#Transform 62
Transform: AffineTransform_float_3_3
Parameters: 0.999999 0.00171051 -0.000740134 -0.00171149 0.999999 -0.000661735 0.000738867 0.000663266 1 0.523541 0.607478 -0.0392564
FixedParameters: 0 0 0

#Transform 63
Transform: AffineTransform_float_3_3
Parameters: 0.999999 0.00171108 -0.000738804 -0.00171092 0.999998 0.000115264 0.000738196 -0.000113737 0.999999 0.530519 0.39312 -0.259138
FixedParameters: 0 0 0

#Transform 64
Transform: AffineTransform_float_3_3
Parameters: 0.999999 0.00155458 -0.000711912 -0.00155542 0.999998 -0.000585893 0.000711088 0.000587106 0.999999 0.496053 0.540814 -0.0523874
FixedParameters: 0 0 0

#Transform 65
Transform: AffineTransform_float_3_3
Parameters: 0.999998 0.0017108 -0.000786437 -0.0017112 0.999999 -0.000254655 0.000786562 0.000256346 0.999999 0.519053 0.505776 -0.14633
FixedParameters: 0 0 0

#Transform 66
Transform: AffineTransform_float_3_3
Parameters: 0.999999 0.00151417 -0.000888716 -0.00151383 0.999999 0.000188346 0.000889284 -0.000186654 0.999999 0.495735 0.33961 -0.283553
FixedParameters: 0 0 0

#Transform 67
Transform: AffineTransform_float_3_3
Parameters: 0.999999 0.00171096 -0.00062511 -0.00171104 0.999998 -6.39305e-05 0.00062489 6.50692e-05 1 0.527427 0.502015 -0.179992
FixedParameters: 0 0 0

#Transform 68
Transform: AffineTransform_float_3_3
Parameters: 0.999999 0.00156755 -0.000779909 -0.00156646 0.999999 0.000697223 0.000781092 -0.000695777 1 0.518635 0.285979 -0.416879
FixedParameters: 0 0 0

#Transform 69
Transform: AffineTransform_float_3_3
Parameters: 0.999999 0.00171114 -0.000305202 -0.00171086 0.999999 0.000466523 0.000305797 -0.000465478 1 0.495019 0.39757 -0.24811
FixedParameters: 0 0 0

#Transform 70
Transform: AffineTransform_float_3_3
Parameters: 0.999998 0.00164901 -0.000434969 -0.00164899 0.999998 1.87173e-05 0.000435031 -1.82826e-05 1 0.493438 0.499979 -0.148518
FixedParameters: 0 0 0

#Transform 71
Transform: AffineTransform_float_3_3
Parameters: 0.999999 0.00171134 -0.000641101 -0.00171066 0.999999 0.000526098 0.000641899 -0.000524902 0.999999 0.516977 0.352995 -0.302792
FixedParameters: 0 0 0

#Transform 72
Transform: AffineTransform_float_3_3
Parameters: 0.999999 0.00171094 -0.000661155 -0.00171106 0.999998 -8.98688e-05 0.000661845 9.11325e-05 1 0.511547 0.493146 -0.151474
FixedParameters: 0 0 0

#Transform 73
Transform: AffineTransform_float_3_3
Parameters: 0.999999 0.00171096 -0.00067509 -0.00171104 0.999998 -5.18449e-05 0.00067491 5.31548e-05 1 0.524282 0.507154 -0.153902
FixedParameters: 0 0 0

#Transform 74
Transform: AffineTransform_float_3_3
Parameters: 0.999998 0.00171161 -0.000888827 -0.00171139 0.999999 0.000686523 0.000889175 -0.00068548 1 0.549074 0.309533 -0.397195
FixedParameters: 0 0 0

#Transform 75
Transform: AffineTransform_float_3_3
Parameters: 0.999998 0.00171051 -0.000890938 -0.00171149 0.999999 -0.000547477 0.000889061 0.000549522 1 0.536919 0.581354 -0.0632373
FixedParameters: 0 0 0

#Transform 76
Transform: AffineTransform_float_3_3
Parameters: 0.999998 0.00171152 -0.000889007 -0.00171148 0.999999 0.000581523 0.000889995 -0.000580478 1 0.556805 0.348237 -0.367599
FixedParameters: 0 0 0

#Transform 77
Transform: AffineTransform_float_3_3
Parameters: 0.999998 0.00181863 -0.000836628 -0.00181837 0.999998 0.000755523 0.000837374 -0.000754479 1 0.57651 0.385082 -0.414219
FixedParameters: 0 0 0

#Transform 78
Transform: AffineTransform_float_3_3
Parameters: 0.999998 0.00171144 -0.000794052 -0.00171056 0.999999 0.000554359 0.000794946 -0.00055264 0.999999 0.534542 0.427904 -0.365191
FixedParameters: 0 0 0

#Transform 79
Transform: AffineTransform_float_3_3
Parameters: 0.999998 0.00190302 -0.000887812 -0.00190198 0.999997 0.00115069 0.000889186 -0.00114831 0.999999 0.59621 0.309565 -0.547701
FixedParameters: 0 0 0

#Transform 80
Transform: AffineTransform_float_3_3
Parameters: 0.999997 0.00199484 -0.000890355 -0.00199516 0.999998 -0.000177224 0.000889644 0.000178775 0.999999 0.630007 0.588785 -0.144536
FixedParameters: 0 0 0

#Transform 81
Transform: AffineTransform_float_3_3
Parameters: 0.999998 0.00223116 -0.00046222 -0.00223084 0.999998 0.000350032 0.00046278 -0.000348968 1 0.627494 0.537322 -0.201195
FixedParameters: 0 0 0

#Transform 82
Transform: AffineTransform_float_3_3
Parameters: 0.999998 0.00213968 -0.000832251 -0.00213932 0.999998 0.000818783 0.000833751 -0.000817219 1 0.650547 0.404909 -0.406245
FixedParameters: 0 0 0

#Transform 83
Transform: AffineTransform_float_3_3
Parameters: 0.999997 0.00203276 -0.000611489 -0.00203224 0.999997 0.00123625 0.000613513 -0.00123576 0.999999 0.583819 0.290812 -0.475384
FixedParameters: 0 0 0

#Transform 84
Transform: AffineTransform_float_3_3
Parameters: 0.999998 0.00197935 -0.000698015 -0.00197865 0.999998 0.000498382 0.000698984 -0.000496617 0.999999 0.591546 0.48459 -0.330749
FixedParameters: 0 0 0

#Transform 85
Transform: AffineTransform_float_3_3
Parameters: 0.999997 0.0020279 -0.000677318 -0.0020271 0.999997 0.00132338 0.000679681 -0.00132162 0.999999 0.605925 0.336546 -0.565124
FixedParameters: 0 0 0

#Transform 86
Transform: AffineTransform_float_3_3
Parameters: 0.999998 0.00193977 -0.000673796 -0.00193923 0.999998 0.00113731 0.000676206 -0.00113669 0.999999 0.582799 0.348309 -0.506807
FixedParameters: 0 0 0

#Transform 87
Transform: AffineTransform_float_3_3
Parameters: 0.999998 0.00192369 -0.000655966 -0.0019233 0.999997 0.00105826 0.000658036 -0.00105774 0.999999 0.575714 0.410246 -0.496077
FixedParameters: 0 0 0

#Transform 88
Transform: AffineTransform_float_3_3
Parameters: 0.999999 0.00171167 -0.000352782 -0.00171133 0.999997 0.00188061 0.000356219 -0.00188039 0.999998 0.476462 0.183788 -0.65692
FixedParameters: 0 0 0

#Transform 89
Transform: AffineTransform_float_3_3
Parameters: 0.999998 0.00193617 -0.000831269 -0.00193583 0.999997 0.00141161 0.000833732 -0.00141039 0.999998 0.607455 0.371985 -0.619165
FixedParameters: 0 0 0

#Transform 90
Transform: AffineTransform_float_3_3
Parameters: 0.999998 0.00190102 -0.000637956 -0.00190098 0.999997 0.00160222 0.000641047 -0.00160178 0.999998 0.563838 0.301467 -0.637454
FixedParameters: 0 0 0

#Transform 91
Transform: AffineTransform_float_3_3
Parameters: 0.999998 0.00216233 -0.000830538 -0.00216067 0.999997 0.0016028 0.000834463 -0.0016012 0.999999 0.666756 0.381872 -0.686791
FixedParameters: 0 0 0

#Transform 92
Transform: AffineTransform_float_3_3
Parameters: 0.999998 0.00201188 -0.000650291 -0.00201112 0.999997 0.00134731 0.000652708 -0.00134569 0.999999 0.602017 0.407434 -0.560284
FixedParameters: 0 0 0

#Transform 93
Transform: AffineTransform_float_3_3
Parameters: 0.999997 0.00201429 -0.000830883 -0.00201371 0.999997 0.00154868 0.000834117 -0.00154632 0.999999 0.61744 0.31828 -0.64297
FixedParameters: 0 0 0

#Transform 94
Transform: AffineTransform_float_3_3
Parameters: 0.999997 0.00197692 -0.000831826 -0.00197608 0.999998 0.00110065 0.000834174 -0.00109935 0.999999 0.602149 0.471451 -0.540954
FixedParameters: 0 0 0

#Transform 95
Transform: AffineTransform_float_3_3
Parameters: 0.999997 0.00221167 -0.00083222 -0.00221033 0.999997 0.000805842 0.00083378 -0.000804159 1 0.670375 0.528007 -0.42457
FixedParameters: 0 0 0

#Transform 96
Transform: AffineTransform_float_3_3
Parameters: 0.999998 0.00222795 -0.000204559 -0.00222805 0.999998 -0.000250545 0.000203443 0.000250454 1 0.602284 0.646113 0.0182142
FixedParameters: 0 0 0

#Transform 97
Transform: AffineTransform_float_3_3
Parameters: 0.999995 0.00289234 0.000676806 -0.00289266 0.999996 0.000969047 -0.000674194 -0.000970955 1 0.64998 0.563744 -0.252408
FixedParameters: 0 0 0

#Transform 98
Transform: AffineTransform_float_3_3
Parameters: 0.999995 0.00296399 1.30629e-05 -0.00296401 0.999996 0.000695964 -1.0937e-05 -0.000696036 1 0.793061 0.644075 -0.143838
FixedParameters: 0 0 0

#Transform 99
Transform: AffineTransform_float_3_3
Parameters: 0.999996 0.00296409 -7.75318e-05 -0.00296391 0.999995 0.00117024 8.14676e-05 -0.00116976 1 0.798773 0.496597 -0.33775
FixedParameters: 0 0 0

#Transform 100
Transform: AffineTransform_float_3_3
Parameters: 0.999995 0.00296417 -0.000372646 -0.00296383 0.999996 0.000457107 0.000374353 -0.000455893 1 0.835987 0.739803 -0.226203
FixedParameters: 0 0 0

#Transform 101
Transform: AffineTransform_float_3_3
Parameters: 0.999995 0.00288954 -0.000493825 -0.00288946 0.999995 0.00109943 0.000497174 -0.00109757 1 0.834231 0.525382 -0.437998
FixedParameters: 0 0 0

#Transform 102
Transform: AffineTransform_float_3_3
Parameters: 0.999996 0.0029643 -0.000495202 -0.0029647 0.999996 0.000607471 0.000496801 -0.00060653 0.999999 0.852105 0.683457 -0.316869
FixedParameters: 0 0 0

#Transform 103
Transform: AffineTransform_float_3_3
Parameters: 0.999996 0.00271651 -0.000577619 -0.00271549 0.999996 0.000877572 0.000580383 -0.000876427 1 0.789599 0.564172 -0.378084
FixedParameters: 0 0 0

#Transform 104
Transform: AffineTransform_float_3_3
Parameters: 0.999995 0.00296432 -0.000438819 -0.00296468 0.999996 0.000736304 0.00044118 -0.000734695 0.999999 0.850987 0.62036 -0.339004
FixedParameters: 0 0 0

#Transform 105
Transform: AffineTransform_float_3_3
Parameters: 0.999996 0.0029642 -0.0004958 -0.0029638 0.999995 0.000405471 0.000497201 -0.000404528 1 0.859228 0.739274 -0.251392
FixedParameters: 0 0 0

#Transform 106
Transform: AffineTransform_float_3_3
Parameters: 0.999995 0.00296436 -0.000494866 -0.00296464 0.999996 0.00072047 0.000497132 -0.00071853 0.999999 0.847664 0.619878 -0.331583
FixedParameters: 0 0 0

#Transform 107
Transform: AffineTransform_float_3_3
Parameters: 0.999996 0.00296414 -0.000496174 -0.00296386 0.999995 0.000279472 0.000496828 -0.000278528 1 0.842439 0.7401 -0.216095
FixedParameters: 0 0 0

#Transform 108
Transform: AffineTransform_float_3_3
Parameters: 0.999995 0.00296448 -0.000494102 -0.00296451 0.999995 0.00097847 0.0004969 -0.000977532 1 0.842135 0.572403 -0.389629
FixedParameters: 0 0 0

#Transform 109
Transform: AffineTransform_float_3_3
Parameters: 0.999996 0.00286823 -0.000495667 -0.00286877 0.999996 0.000465424 0.000496335 -0.000464578 1 0.810996 0.690915 -0.256578
FixedParameters: 0 0 0

#Transform 110
Transform: AffineTransform_float_3_3
Parameters: 0.999996 0.00296431 -0.00049516 -0.00296469 0.999996 0.000621471 0.000496842 -0.00062053 0.999999 0.842284 0.675423 -0.290043
FixedParameters: 0 0 0

#Transform 111
Transform: AffineTransform_float_3_3
Parameters: 0.999995 0.00286248 -0.000599682 -0.00286251 0.999995 0.00081072 0.000602317 -0.000808279 1 0.82388 0.58342 -0.361852
FixedParameters: 0 0 0

#Transform 112
Transform: AffineTransform_float_3_3
Parameters: 0.999995 0.00296401 -0.000148777 -0.00296399 0.999995 7.54413e-05 0.000149225 -7.5558e-05 1 0.792804 0.813985 -0.0728991
FixedParameters: 0 0 0

#Transform 113
Transform: AffineTransform_float_3_3
Parameters: 0.999995 0.00296449 -0.000494063 -0.00296451 0.999995 0.00099147 0.000496936 -0.000989532 1 0.842089 0.55479 -0.391342
FixedParameters: 0 0 0

#Transform 114
Transform: AffineTransform_float_3_3
Parameters: 0.999996 0.00296423 -0.000436457 -0.00296378 0.999996 0.000521296 0.000437542 -0.000519705 1 0.83389 0.707547 -0.280081
FixedParameters: 0 0 0

#Transform 115
Transform: AffineTransform_float_3_3
Parameters: 0.999996 0.00282648 -0.000619795 -0.00282651 0.999995 0.000780755 0.000622202 -0.000778244 0.999999 0.82711 0.611667 -0.35263
FixedParameters: 0 0 0

#Transform 116
Transform: AffineTransform_float_3_3
Parameters: 0.999995 0.00296446 -0.000494268 -0.00296454 0.999995 0.00092247 0.000496731 -0.000920532 1 0.8568 0.60373 -0.376619
FixedParameters: 0 0 0

#Transform 117
Transform: AffineTransform_float_3_3
Parameters: 0.999996 0.00253423 -0.00032523 -0.00253377 0.999996 0.000698826 0.00032677 -0.000698174 0.999999 0.715431 0.627882 -0.291485
FixedParameters: 0 0 0

#Transform 118
Transform: AffineTransform_float_3_3
Parameters: 0.999996 0.00253481 -0.000492849 -0.00253419 0.999996 0.00163825 0.00049715 -0.00163675 0.999998 0.753189 0.421273 -0.599387
FixedParameters: 0 0 0

#Transform 119
Transform: AffineTransform_float_3_3
Parameters: 0.999996 0.00253445 -0.000416295 -0.00253455 0.999996 0.00106806 0.000419706 -0.00106694 1 0.745989 0.571644 -0.438931
FixedParameters: 0 0 0

#Transform 120
Transform: AffineTransform_float_3_3
Parameters: 0.999998 0.00219415 -0.000602842 -0.00219285 0.999996 0.00189633 0.00060716 -0.00189567 0.999998 0.692934 0.3033 -0.672791
FixedParameters: 0 0 0

#Transform 121
Transform: AffineTransform_float_3_3
Parameters: 0.999997 0.00236957 -0.000361296 -0.00236943 0.999996 0.00156386 0.000364705 -0.00156314 0.999998 0.707216 0.459855 -0.543668
FixedParameters: 0 0 0

#Transform 122
Transform: AffineTransform_float_3_3
Parameters: 0.999996 0.00253458 -0.000343726 -0.00253442 0.999996 0.00168688 0.000348272 -0.00168512 0.999998 0.751047 0.478126 -0.597556
FixedParameters: 0 0 0

#Transform 123
Transform: AffineTransform_float_3_3
Parameters: 0.999997 0.00253431 -0.000197046 -0.00253369 0.999995 0.0015605 0.000200952 -0.00155949 0.999999 0.705839 0.47349 -0.527547
FixedParameters: 0 0 0

#Transform 124
Transform: AffineTransform_float_3_3
Parameters: 0.999996 0.00263628 -0.000197235 -0.00263571 0.999995 0.00142852 0.000201763 -0.00142747 0.999999 0.73304 0.534515 -0.484533
FixedParameters: 0 0 0

#Transform 125
Transform: AffineTransform_float_3_3
Parameters: 0.999996 0.00253457 -0.00030224 -0.00253443 0.999995 0.00187877 0.000306762 -0.00187823 0.999998 0.712442 0.398176 -0.62183
FixedParameters: 0 0 0

#Transform 126
Transform: AffineTransform_float_3_3
Parameters: 0.999997 0.00264856 -0.000311304 -0.00264845 0.999995 0.00177383 0.000315698 -0.00177317 0.999999 0.750198 0.510808 -0.615048
FixedParameters: 0 0 0

#Transform 127
Transform: AffineTransform_float_3_3
Parameters: 0.999997 0.00267409 -0.000488077 -0.00267291 0.999994 0.00221631 0.000493923 -0.00221469 0.999998 0.776926 0.39176 -0.750097
FixedParameters: 0 0 0

#Transform 128
Transform: AffineTransform_float_3_3
Parameters: 0.999996 0.00296014 -0.000612508 -0.00295886 0.999994 0.00185682 0.000617493 -0.00185518 0.999998 0.879851 0.548259 -0.648512
FixedParameters: 0 0 0

#Transform 129
Transform: AffineTransform_float_3_3
Parameters: 0.999994 0.0032219 -0.00045158 -0.00322109 0.999993 0.00199346 0.000458418 -0.00199153 0.999998 0.919082 0.579904 -0.683355
FixedParameters: 0 0 0

#Transform 130
Transform: AffineTransform_float_3_3
Parameters: 0.999995 0.00329267 -0.000542961 -0.00329233 0.999994 0.00122779 0.000547041 -0.00122621 0.999999 0.955491 0.736481 -0.46863
FixedParameters: 0 0 0

#Transform 131
Transform: AffineTransform_float_3_3
Parameters: 0.999995 0.00336103 -2.58792e-05 -0.00336097 0.999993 0.00122609 3.01204e-05 -0.00122591 0.999999 0.900219 0.735882 -0.366852
FixedParameters: 0 0 0

#Transform 132
Transform: AffineTransform_float_3_3
Parameters: 0.999995 0.00298245 -0.000320841 -0.00298255 0.999994 0.00139496 0.000325159 -0.00139404 0.999999 0.84969 0.613812 -0.479746
FixedParameters: 0 0 0

#Transform 133
Transform: AffineTransform_float_3_3
Parameters: 0.999996 0.00302857 -0.000290106 -0.00302843 0.999993 0.00194689 0.000295896 -0.00194611 0.999998 0.839069 0.522077 -0.6281
FixedParameters: 0 0 0

#Transform 134
Transform: AffineTransform_float_3_3
Parameters: 0.999993 0.00370789 -0.000308495 -0.00370611 0.999989 0.00283416 0.000318502 -0.00283284 0.999996 1.00125 0.527265 -0.8632
FixedParameters: 0 0 0

#Transform 135
Transform: AffineTransform_float_3_3
Parameters: 0.999994 0.00339593 -0.000364451 -0.00339507 0.999991 0.00251825 0.000372548 -0.00251675 0.999997 0.92586 0.579221 -0.805405
FixedParameters: 0 0 0

#Transform 136
Transform: AffineTransform_float_3_3
Parameters: 0.999993 0.00365285 -0.000429857 -0.00365215 0.999992 0.00195658 0.000437145 -0.00195542 0.999998 0.967735 0.69317 -0.63276
FixedParameters: 0 0 0

#Transform 137
Transform: AffineTransform_float_3_3
Parameters: 0.999994 0.00341622 -0.000155223 -0.00341578 0.999993 0.00139854 0.000159775 -0.00139746 0.999999 0.901677 0.788518 -0.477637
FixedParameters: 0 0 0

#Transform 138
Transform: AffineTransform_float_3_3
Parameters: 0.999994 0.00365253 -0.000200641 -0.00365148 0.99999 0.00256275 0.000209354 -0.00256125 0.999996 0.961731 0.512551 -0.746381
FixedParameters: 0 0 0

#Transform 139
Transform: AffineTransform_float_3_3
Parameters: 0.999992 0.00385816 -0.000157083 -0.00385784 0.999992 0.00101561 0.000160918 -0.00101539 0.999999 1.02798 0.860815 -0.307859
FixedParameters: 0 0 0

#Transform 140
Transform: AffineTransform_float_3_3
Parameters: 0.999994 0.00365184 9.45474e-05 -0.00365216 0.999991 0.00179267 -8.84512e-05 -0.00179334 0.999999 0.945543 0.689851 -0.507725
FixedParameters: 0 0 0

#Transform 141
Transform: AffineTransform_float_3_3
Parameters: 0.999993 0.00365297 -0.000428827 -0.00365203 0.999991 0.00223858 0.000437175 -0.00223742 0.999998 1.00651 0.579895 -0.745358
FixedParameters: 0 0 0

#Transform 142
Transform: AffineTransform_float_3_3
Parameters: 0.999993 0.00365273 -0.00043088 -0.00365127 0.999992 0.00167659 0.000437121 -0.00167542 0.999999 1.00703 0.773461 -0.599559
FixedParameters: 0 0 0

#Transform 143
Transform: AffineTransform_float_3_3
Parameters: 0.999992 0.0038139 -0.000312186 -0.0038131 0.999988 0.00283621 0.000322813 -0.00283479 0.999996 1.02275 0.538167 -0.88965
FixedParameters: 0 0 0

#Transform 144
Transform: AffineTransform_float_3_3
Parameters: 0.999994 0.00365265 -0.000330876 -0.00365135 0.999991 0.00195122 0.000338122 -0.00194978 0.999998 0.98581 0.717781 -0.667999
FixedParameters: 0 0 0

#Transform 145
Transform: AffineTransform_float_3_3
Parameters: 0.999994 0.00365161 0.000149943 -0.00365139 0.999989 0.00272247 -0.000140057 -0.00272353 0.999997 0.899946 0.563816 -0.772572
FixedParameters: 0 0 0

#Transform 146
Transform: AffineTransform_float_3_3
Parameters: 0.99999 0.0043093 -0.000466069 -0.00430869 0.999987 0.00277003 0.000477932 -0.00276797 0.999996 1.20419 0.685392 -0.932046
FixedParameters: 0 0 0

#Transform 147
Transform: AffineTransform_float_3_3
Parameters: 0.999991 0.00406615 -0.000468076 -0.00406484 0.999989 0.00244192 0.000477924 -0.00244008 0.999997 1.11451 0.760546 -0.813923
FixedParameters: 0 0 0

#Transform 148
Transform: AffineTransform_float_3_3
Parameters: 0.999992 0.00401617 -5.62364e-05 -0.00401584 0.999989 0.00268025 6.67623e-05 -0.00267976 0.999997 1.03376 0.632622 -0.785876
FixedParameters: 0 0 0

#Transform 149
Transform: AffineTransform_float_3_3
Parameters: 0.999992 0.00378526 -0.000467945 -0.00378474 0.99999 0.00265779 0.000478058 -0.00265621 0.999997 1.02978 0.64698 -0.854073
FixedParameters: 0 0 0

#Transform 150
Transform: AffineTransform_float_3_3
Parameters: 0.999994 0.00365301 -0.00029578 -0.00365199 0.999987 0.0033461 0.00030822 -0.0033449 0.999995 0.985323 0.494582 -1.0329
FixedParameters: 0 0 0

#Transform 151
Transform: AffineTransform_float_3_3
Parameters: 0.999992 0.00383893 -0.000287864 -0.00383807 0.999987 0.00316213 0.000300135 -0.00316087 0.999995 1.04205 0.563098 -0.915792
FixedParameters: 0 0 0

#Transform 152
Transform: AffineTransform_float_3_3
Parameters: 0.999994 0.00365288 -0.000289063 -0.00365212 0.999989 0.00299508 0.000299938 -0.00299393 0.999996 0.984425 0.583766 -0.912734
FixedParameters: 0 0 0

#Transform 153
Transform: AffineTransform_float_3_3
Parameters: 0.999992 0.00383456 -0.000141616 -0.00383444 0.999985 0.00375157 0.000156387 -0.00375143 0.999993 1.0365 0.473184 -1.04794
FixedParameters: 0 0 0

#Transform 154
Transform: AffineTransform_float_3_3
Parameters: 0.999994 0.00365203 -2.51795e-06 -0.00365198 0.999989 0.00314403 1.44819e-05 -0.00314397 0.999995 0.933587 0.571126 -0.893461
FixedParameters: 0 0 0

#Transform 155
Transform: AffineTransform_float_3_3
Parameters: 0.999992 0.00394293 -0.000287575 -0.00394208 0.999988 0.00315216 0.000299425 -0.00315084 0.999995 1.051 0.61928 -0.966787
FixedParameters: 0 0 0

#Transform 156
Transform: AffineTransform_float_3_3
Parameters: 0.999991 0.00407577 -0.000289291 -0.00407523 0.999988 0.0026282 0.000299708 -0.0026268 0.999997 1.09496 0.757988 -0.795739
FixedParameters: 0 0 0

#Transform 157
Transform: AffineTransform_float_3_3
Parameters: 0.99999 0.00443396 -0.000285499 -0.00443304 0.999985 0.0032713 0.000299499 -0.0032697 0.999994 1.17169 0.606538 -0.93337
FixedParameters: 0 0 0

#Transform 158
Transform: AffineTransform_float_3_3
Parameters: 0.99999 0.00445471 -0.000289253 -0.00445429 0.999987 0.00241331 0.000299746 -0.00241169 0.999997 1.189 0.839511 -0.737842
FixedParameters: 0 0 0

#Transform 159
Transform: AffineTransform_float_3_3
Parameters: 0.999991 0.00419898 -0.000342233 -0.00419803 0.999988 0.00280346 0.00035377 -0.00280254 0.999996 1.12735 0.684221 -0.850841
FixedParameters: 0 0 0

#Transform 160
Transform: AffineTransform_float_3_3
Parameters: 0.99999 0.00427332 -0.000761057 -0.00427067 0.999987 0.00303128 0.000773941 -0.00302772 0.999995 1.19816 0.650056 -1.00335
FixedParameters: 0 0 0

#Transform 161
Transform: AffineTransform_float_3_3
Parameters: 0.999991 0.00427048 -0.000187246 -0.00427051 0.999987 0.00251882 0.000198756 -0.00251817 0.999997 1.1236 0.800713 -0.772256
FixedParameters: 0 0 0

#Transform 162
Transform: AffineTransform_float_3_3
Parameters: 0.99999 0.00450593 -0.000281431 -0.00450506 0.999984 0.0032343 0.000296572 -0.00323369 0.999994 1.19488 0.652334 -0.952099
FixedParameters: 0 0 0

#Transform 163
Transform: AffineTransform_float_3_3
Parameters: 0.999989 0.0045791 -0.000325919 -0.0045779 0.999984 0.00329453 0.000341078 -0.00329247 0.999995 1.22559 0.719878 -0.998102
FixedParameters: 0 0 0

#Transform 164
Transform: AffineTransform_float_3_3
Parameters: 0.99999 0.00435245 -0.000122914 -0.00435154 0.999984 0.00346657 0.000138086 -0.00346643 0.999994 1.12201 0.644999 -1.01217
FixedParameters: 0 0 0

#Transform 165
Transform: AffineTransform_float_3_3
Parameters: 0.999989 0.00467593 2.83104e-05 -0.00467608 0.999982 0.00370191 -1.16889e-05 -0.0037021 0.999993 1.19117 0.652423 -1.02394
FixedParameters: 0 0 0

#Transform 166
Transform: AffineTransform_float_3_3
Parameters: 0.999991 0.0042578 -0.000246455 -0.00425719 0.999986 0.00318208 0.00025955 -0.00318192 0.999995 1.11005 0.70588 -0.968655
FixedParameters: 0 0 0

#Transform 167
Transform: AffineTransform_float_3_3
Parameters: 0.999991 0.00425228 -6.85384e-05 -0.00425272 0.999985 0.00363633 8.44671e-05 -0.00363668 0.999994 1.08498 0.590464 -1.03776
FixedParameters: 0 0 0

#Transform 168
Transform: AffineTransform_float_3_3
Parameters: 0.999991 0.00410782 -0.000235086 -0.00410718 0.999986 0.00338799 0.000248915 -0.00338701 0.999994 1.09578 0.617611 -1.01722
FixedParameters: 0 0 0

#Transform 169
Transform: AffineTransform_float_3_3
Parameters: 0.999993 0.00380196 -0.000907574 -0.00379805 0.999984 0.00432448 0.000923429 -0.00432153 0.99999 1.19849 0.384309 -1.27922
FixedParameters: 0 0 0

#Transform 170
Transform: AffineTransform_float_3_3
Parameters: 0.999992 0.00399065 -0.000184467 -0.00398935 0.999987 0.00339176 0.000197528 -0.00339024 0.999994 1.10018 0.614366 -0.936518
FixedParameters: 0 0 0

#Transform 171
Transform: AffineTransform_float_3_3
Parameters: 0.999991 0.0040323 -0.000535295 -0.0040307 0.999989 0.00240818 0.000545703 -0.00240582 0.999997 1.12636 0.769327 -0.758809
FixedParameters: 0 0 0

#Transform 172
Transform: AffineTransform_float_3_3
Parameters: 0.999992 0.0040878 -0.000851672 -0.0040852 0.999987 0.00326351 0.000865332 -0.00326049 0.999995 1.17823 0.529229 -1.04403
FixedParameters: 0 0 0

#Transform 173
Transform: AffineTransform_float_3_3
Parameters: 0.999991 0.00424579 -0.000237209 -0.0042452 0.999985 0.00324903 0.000251792 -0.00324796 0.999994 1.13987 0.654191 -0.934887
FixedParameters: 0 0 0

#Transform 174
Transform: AffineTransform_float_3_3
Parameters: 0.999991 0.00405751 -0.000511121 -0.00405549 0.999988 0.0029291 0.000522876 -0.0029269 0.999995 1.12427 0.674276 -0.909671
FixedParameters: 0 0 0

#Transform 175
Transform: AffineTransform_float_3_3
Parameters: 0.999991 0.00424649 -0.00058427 -0.00424551 0.999988 0.0025285 0.000594729 -0.0025255 0.999996 1.19001 0.778612 -0.817614
FixedParameters: 0 0 0

#Transform 176
Transform: AffineTransform_float_3_3
Parameters: 0.999991 0.0042464 -0.000433444 -0.00424559 0.999986 0.00319387 0.000447559 -0.00319213 0.999995 1.15889 0.650009 -0.99177
FixedParameters: 0 0 0

#Transform 177
Transform: AffineTransform_float_3_3
Parameters: 0.999992 0.00404238 -0.000829677 -0.00403961 0.999983 0.00404138 0.000846324 -0.00403761 0.999991 1.17507 0.446026 -1.25741
FixedParameters: 0 0 0

#Transform 178
Transform: AffineTransform_float_3_3
Parameters: 0.999991 0.00406874 -0.000512348 -0.00406725 0.999986 0.00335711 0.000526652 -0.00335489 0.999994 1.14183 0.627609 -1.03448
FixedParameters: 0 0 0

#Transform 179
Transform: AffineTransform_float_3_3
Parameters: 0.99999 0.00424853 -0.000823981 -0.00424546 0.999982 0.00424454 0.000842022 -0.00424146 0.99999 1.28445 0.498131 -1.28549
FixedParameters: 0 0 0

#Transform 180
Transform: AffineTransform_float_3_3
Parameters: 0.999993 0.00383995 -0.000245577 -0.00383905 0.999985 0.00375697 0.000259423 -0.00375603 0.999993 1.07256 0.521869 -1.04788
FixedParameters: 0 0 0

#Transform 181
Transform: AffineTransform_float_3_3
Parameters: 0.999993 0.00383266 -0.00044808 -0.00383135 0.999986 0.00363375 0.000462923 -0.00363225 0.999994 1.09493 0.53816 -1.08116
FixedParameters: 0 0 0

#Transform 182
Transform: AffineTransform_float_3_3
Parameters: 0.999994 0.00340703 -0.000255642 -0.00340597 0.999986 0.00392189 0.000268356 -0.00392011 0.999993 0.969486 0.376417 -1.05317
FixedParameters: 0 0 0

#Transform 183
Transform: AffineTransform_float_3_3
Parameters: 0.999994 0.00335653 -0.000774855 -0.00335247 0.999984 0.00451562 0.000789143 -0.00451338 0.999989 1.05024 0.259547 -1.35058
FixedParameters: 0 0 0

#Transform 184
Transform: AffineTransform_float_3_3
Parameters: 0.999995 0.00326979 -0.000591802 -0.00326721 0.999984 0.00465096 0.0006072 -0.00464904 0.999989 1.03777 0.200413 -1.27089
FixedParameters: 0 0 0

#Transform 185
Transform: AffineTransform_float_3_3
Parameters: 0.999994 0.0032681 -0.000284666 -0.0032669 0.999987 0.00377495 0.000297333 -0.00377405 0.999993 0.983366 0.375925 -1.06511
FixedParameters: 0 0 0

#Transform 186
Transform: AffineTransform_float_3_3
Parameters: 0.999994 0.00326872 -0.000336665 -0.00326727 0.999982 0.00499913 0.000353336 -0.00499788 0.999988 0.986787 0.140613 -1.36128
FixedParameters: 0 0 0

#Transform 187
Transform: AffineTransform_float_3_3
Parameters: 0.999995 0.00317455 0.000138721 -0.00317545 0.99999 0.00337658 -0.00012828 -0.00337643 0.999995 0.858442 0.436214 -0.861795
FixedParameters: 0 0 0

#Transform 188
Transform: AffineTransform_float_3_3
Parameters: 0.999994 0.00364105 -0.000291136 -0.00363995 0.999987 0.00353408 0.000303864 -0.00353292 0.999993 1.03801 0.522727 -1.00897
FixedParameters: 0 0 0

#Transform 189
Transform: AffineTransform_float_3_3
Parameters: 0.999993 0.00374635 -0.000522366 -0.00374564 0.999989 0.00257297 0.000531635 -0.00257102 0.999996 1.06537 0.682062 -0.76703
FixedParameters: 0 0 0

#Transform 190
Transform: AffineTransform_float_3_3
Parameters: 0.999992 0.00401408 -0.000617648 -0.00401192 0.999987 0.00332851 0.000631354 -0.0033265 0.999995 1.15041 0.479449 -0.938858
