# transform file /out/sourcedata/freesurfer/sub-v1s1x0050643_ses-1/mri/transforms/cc_up.lta
# created by oesteban on Thu Mar 12 15:56:35 2026

type      = 0 # LINEAR_VOX_TO_VOX
nxforms   = 1
mean      = 129.0000 127.0000 117.0000
sigma     = 10000.0000
1 4 4
9.998123049736023e-01 3.741911204997450e-04 1.937108859419823e-02 -3.223755121231079e+00 
-3.741209220606834e-04 9.999999403953552e-01 -7.248489964695182e-06 2.204908943176270e+01 
-1.937108859419823e-02 0.000000000000000e+00 9.998123645782471e-01 1.652026557922363e+01 
0.000000000000000e+00 0.000000000000000e+00 0.000000000000000e+00 1.000000000000000e+00 
src volume info
valid = 1  # volume info valid
filename = /out/sourcedata/freesurfer/sub-v1s1x0050643_ses-1/mri/norm.mgz
volume = 256 256 256
voxelsize = 1.000000000000000e+00 1.000000000000000e+00 1.000000000000000e+00
xras   = -1.000000000000000e+00 0.000000000000000e+00 0.000000000000000e+00
yras   = 0.000000000000000e+00 0.000000000000000e+00 -1.000000000000000e+00
zras   = 0.000000000000000e+00 1.000000000000000e+00 0.000000000000000e+00
cras   = 5.000000000000000e-01 -1.519830322265625e+01 2.331526184082031e+01
dst volume info
valid = 1  # volume info valid
filename = /out/sourcedata/freesurfer/sub-v1s1x0050643_ses-1/mri/norm.mgz
volume = 256 256 256
voxelsize = 1.000000000000000e+00 1.000000000000000e+00 1.000000000000000e+00
xras   = -1.000000000000000e+00 0.000000000000000e+00 0.000000000000000e+00
yras   = 0.000000000000000e+00 0.000000000000000e+00 -1.000000000000000e+00
zras   = 0.000000000000000e+00 1.000000000000000e+00 0.000000000000000e+00
cras   = 5.000000000000000e-01 -1.519830322265625e+01 2.331526184082031e+01
