#Insight Transform File V1.0
#Transform 0
Transform: AffineTransform_float_3_3
Parameters: 1 0.000975838 0.000151056 -0.000976163 0.999999 0.00108185 -0.000149944 -0.00108215 1 0.31622 0.0284056 -0.223171
FixedParameters: 0 0 0

#Transform 1
Transform: AffineTransform_float_3_3
Parameters: 1 0.000594808 0.000250456 -0.000595191 0.999999 0.00076685 -0.000249543 -0.000767148 0.999999 0.181586 -0.00049556 -0.123958
FixedParameters: 0 0 0

#Transform 2
Transform: AffineTransform_float_3_3
Parameters: 1 0.000549999 7.3755e-07 -0.000550001 0.999999 0.001341 -2.62449e-07 -0.001341 0.999999 0.185472 -0.022752 -0.400838
FixedParameters: 0 0 0

#Transform 3
Transform: AffineTransform_float_3_3
Parameters: 1 0.000449797 0.000139655 -0.000450203 0.999999 0.00145594 -0.000139345 -0.00145606 0.999999 0.144462 -0.0836555 -0.383918
FixedParameters: 0 0 0

#Transform 4
Transform: AffineTransform_float_3_3
Parameters: 1 -0.000262 -1.91784e-07 0.000262 0.999999 0.000732 -1.91784e-07 -0.000732 0.999999 -0.0725694 -0.0918442 -0.228042
FixedParameters: 0 0 0

#Transform 5
Transform: AffineTransform_float_3_3
Parameters: 1 0.00020892 5.62984e-05 -0.000209081 0.999999 0.00142799 -5.67015e-05 -0.00142801 0.999999 0.0681435 -0.137834 -0.404797
FixedParameters: 0 0 0

#Transform 6
Transform: AffineTransform_float_3_3
Parameters: 1 -8.49983e-05 -1.3011e-05 8.50017e-05 1 0.000129999 1.29889e-05 -0.000130001 1 -0.0261922 -0.0310443 -0.00506634
FixedParameters: 0 0 0

#Transform 7
Transform: AffineTransform_float_3_3
Parameters: 1 0.000227762 0.000170319 -0.000228239 0.999999 0.00139896 -0.000170681 -0.00139904 0.999999 0.0649872 -0.116174 -0.355269
FixedParameters: 0 0 0

#Transform 8
Transform: AffineTransform_float_3_3
Parameters: 1 -0.000126963 -9.60485e-05 0.000127037 1 0.000381988 9.59515e-05 -0.000382012 1 -0.0183758 -0.0754855 -0.096176
FixedParameters: 0 0 0

#Transform 9
Transform: AffineTransform_float_3_3
Parameters: 1 0.000410115 -0.000102543 -0.000409885 1 0.00111404 0.000103457 -0.00111396 1 0.15159 -0.0581244 -0.350481
FixedParameters: 0 0 0

#Transform 10
Transform: AffineTransform_float_3_3
Parameters: 1 0.000242911 8.32614e-05 -0.000243089 1 0.00107598 -8.27385e-05 -0.00107602 1 0.0951783 -0.0983337 -0.287603
FixedParameters: 0 0 0

#Transform 11
Transform: AffineTransform_float_3_3
Parameters: 1 -0.000101502 -0.00046011 0.000101498 1 0.00108295 0.00045989 -0.00108305 1 -0.000461504 -0.112309 -0.436144
FixedParameters: 0 0 0

#Transform 12
Transform: AffineTransform_float_3_3
Parameters: 1 5.09865e-05 1.30528e-05 -5.10135e-05 1 0.001036 -1.29472e-05 -0.001036 1 0.0089316 -0.127425 -0.279207
FixedParameters: 0 0 0

#Transform 13
Transform: AffineTransform_float_3_3
Parameters: 1 -6.30129e-05 8.29902e-05 6.2987e-05 1 0.000156005 -8.30098e-05 -0.000155995 1 -0.0460124 -0.00221821 -0.0209493
FixedParameters: 0 0 0

#Transform 14
Transform: AffineTransform_float_3_3
Parameters: 1 0.000417892 8.35396e-05 -0.000418107 0.999999 0.00129097 -8.24603e-05 -0.00129103 0.999999 0.135074 -0.0810577 -0.352374
FixedParameters: 0 0 0

#Transform 15
Transform: AffineTransform_float_3_3
Parameters: 1 -0.000405 -0.000147999 0.000404999 1 -3.05994e-06 0.000148001 2.94006e-06 1 -0.126862 -0.0942491 -0.000961714
FixedParameters: 0 0 0

#Transform 16
Transform: AffineTransform_float_3_3
Parameters: 1 0.000203909 8.32238e-05 -0.000204091 1 0.00109698 -8.27762e-05 -0.00109702 1 0.0572114 -0.0906454 -0.310564
FixedParameters: 0 0 0

#Transform 17
Transform: AffineTransform_float_3_3
Parameters: 1 0.000546941 8.33878e-05 -0.000547058 0.999999 0.000708954 -8.26121e-05 -0.000709045 0.999999 0.180099 0.00397851 -0.179877
FixedParameters: 0 0 0

#Transform 18
Transform: AffineTransform_float_3_3
Parameters: 1 0.000243068 -9.3823e-05 -0.000242932 0.999999 0.000728022 9.31768e-05 -0.000727977 0.999999 0.0847777 -0.00961861 -0.25365
FixedParameters: 0 0 0

#Transform 19
Transform: AffineTransform_float_3_3
Parameters: 1 0.000434958 2.96207e-05 -0.000435041 0.999999 0.00142699 -2.83792e-05 -0.00142701 0.999999 0.145746 -0.095301 -0.415346
FixedParameters: 0 0 0

#Transform 20
Transform: AffineTransform_float_3_3
Parameters: 1 -0.000210029 -0.000120949 0.000209971 1 -0.000242025 0.000121051 0.000241975 1 -0.0654212 -0.0353196 0.0446427
FixedParameters: 0 0 0

#Transform 21
Transform: AffineTransform_float_3_3
Parameters: 1 0.000180906 8.32047e-05 -0.000181094 1 0.00113099 -8.27953e-05 -0.00113102 1 0.0454435 -0.137376 -0.325668
FixedParameters: 0 0 0

#Transform 22
Transform: AffineTransform_float_3_3
Parameters: 1 -3.00406e-05 8.49856e-05 2.99594e-05 1 0.000478002 -8.50143e-05 -0.000477997 1 -0.0251911 -0.0934796 -0.0784268
FixedParameters: 0 0 0

#Transform 23
Transform: AffineTransform_float_3_3
Parameters: 1 0.000432088 -0.00018179 -0.000431911 1 0.000486078 0.00018221 -0.000485921 1 0.158721 0.045622 -0.184618
FixedParameters: 0 0 0

#Transform 24
Transform: AffineTransform_float_3_3
Parameters: 1 -0.000139807 -0.000165163 0.000140193 1 0.00116798 0.000164836 -0.00116802 1 -0.0435803 -0.187238 -0.349781
FixedParameters: 0 0 0

#Transform 25
Transform: AffineTransform_float_3_3
Parameters: 1 0.000597015 0.000242963 -0.000596985 1 -6.2145e-05 -0.000243038 6.28549e-05 1 0.172768 0.109957 0.0907737
FixedParameters: 0 0 0

#Transform 26
Transform: AffineTransform_float_3_3
Parameters: 1 4.00295e-05 -3.1963e-05 -3.99704e-05 0.999999 0.000924 3.20369e-05 -0.000923998 0.999999 0.0060406 -0.110703 -0.277092
FixedParameters: 0 0 0

#Transform 27
Transform: AffineTransform_float_3_3
Parameters: 1 0.00028469 0.000297297 -0.000285309 0.999999 0.00104292 -0.000296703 -0.00104308 1 0.0701326 -0.0479178 -0.237522
FixedParameters: 0 0 0

#Transform 28
Transform: AffineTransform_float_3_3
Parameters: 1 -0.000405018 -0.000134946 0.000404982 1 -0.000134055 0.000135054 0.000133945 1 -0.120835 -0.0570195 0.064426
FixedParameters: 0 0 0

#Transform 29
Transform: AffineTransform_float_3_3
Parameters: 1 0.000121117 -0.000134895 -0.000120882 0.999999 0.000870016 0.000135105 -0.000869983 0.999999 0.0445689 -0.0628946 -0.304928
FixedParameters: 0 0 0

#Transform 30
Transform: AffineTransform_float_3_3
Parameters: 1 -0.000404991 -4.00944e-05 0.000405009 1 0.000232984 3.99056e-05 -0.000233016 1 -0.140523 -0.129669 -0.0473884
FixedParameters: 0 0 0

#Transform 31
Transform: AffineTransform_float_3_3
Parameters: 1 0.000354018 -5.08747e-05 -0.000353982 1 0.000354018 5.11253e-05 -0.000353982 1 0.127788 0.0493975 -0.151985
FixedParameters: 0 0 0

#Transform 32
Transform: AffineTransform_float_3_3
Parameters: 1 -0.000404927 -0.000135219 0.000405073 1 0.000539945 0.000134781 -0.000540054 1 -0.117602 -0.170868 -0.154503
FixedParameters: 0 0 0

#Transform 33
Transform: AffineTransform_float_3_3
Parameters: 1 -2.20342e-05 -0.000105993 2.19658e-05 1 -0.000323002 0.000106007 0.000322998 1 -0.00516437 0.0461421 0.0880137
FixedParameters: 0 0 0

#Transform 34
Transform: AffineTransform_float_3_3
Parameters: 1 -0.000404977 -3.22896e-05 0.000405023 0.999999 0.000714987 3.17104e-05 -0.000715012 0.999999 -0.133593 -0.192348 -0.170098
FixedParameters: 0 0 0

#Transform 35
Transform: AffineTransform_float_3_3
Parameters: 1 1.2034e-05 5.89931e-05 -1.1966e-05 1 -0.000576001 -5.90069e-05 0.000575999 1 -0.00731506 0.0936158 0.215534
FixedParameters: 0 0 0

#Transform 36
Transform: AffineTransform_float_3_3
Parameters: 1 -0.000167937 -8.91187e-05 0.000168063 0.999999 0.000706985 8.88812e-05 -0.000707015 0.999999 -0.0487361 -0.150822 -0.177271
FixedParameters: 0 0 0

#Transform 37
Transform: AffineTransform_float_3_3
Parameters: 1 -0.000257974 3.51886e-05 0.000258025 0.999999 -0.000730991 -3.48114e-05 0.000731009 0.999999 -0.0852592 0.0247324 0.267236
FixedParameters: 0 0 0

#Transform 38
Transform: AffineTransform_float_3_3
Parameters: 1 -0.000404788 -0.000434198 0.000405212 1 0.000489824 0.000433802 -0.000489175 1 -0.0863781 -0.14709 -0.251342
FixedParameters: 0 0 0

#Transform 39
Transform: AffineTransform_float_3_3
Parameters: 1 -8.80136e-05 2.49519e-05 8.79863e-05 1 0.000546002 -2.5048e-05 -0.000545998 1 -0.0157461 -0.109288 -0.145533
FixedParameters: 0 0 0

#Transform 40
Transform: AffineTransform_float_3_3
Parameters: 1 -0.000405003 -2.69514e-05 0.000404997 1 -0.000120011 2.70486e-05 0.000119989 1 -0.125584 -0.0590687 -0.0180033
FixedParameters: 0 0 0

#Transform 41
Transform: AffineTransform_float_3_3
Parameters: 1 -0.000179066 8.18566e-05 0.000178935 0.999999 0.000801014 -8.11433e-05 -0.000800985 0.999999 -0.0407453 -0.155756 -0.243933
FixedParameters: 0 0 0

#Transform 42
Transform: AffineTransform_float_3_3
Parameters: 1 -0.000405102 -0.000284854 0.000404898 1 -0.000359115 0.000285145 0.000358884 1 -0.0871635 -0.0705831 0.067869
FixedParameters: 0 0 0

#Transform 43
Transform: AffineTransform_float_3_3
Parameters: 1 -0.000405007 8.19656e-05 0.000404993 1 8.50332e-05 -8.20344e-05 -8.49668e-05 1 -0.145213 -0.091682 -0.0459463
FixedParameters: 0 0 0

#Transform 44
Transform: AffineTransform_float_3_3
Parameters: 1 2.96991e-06 8.20011e-05 -3.03009e-06 1 0.000367 -8.19989e-05 -0.000367 1 0.016783 -0.0599709 -0.0870993
FixedParameters: 0 0 0

#Transform 45
Transform: AffineTransform_float_3_3
Parameters: 1 -0.000653055 -9.05983e-05 0.000652944 0.999999 -0.000615059 9.04015e-05 0.000614941 1 -0.175456 -0.0777114 0.108146
FixedParameters: 0 0 0

#Transform 46
Transform: AffineTransform_float_3_3
Parameters: 1 -0.000159 -1.05613e-06 0.000159 1 0.000353 9.43873e-07 -0.000353 1 -0.00990855 -0.128912 -0.136967
FixedParameters: 0 0 0

#Transform 47
Transform: AffineTransform_float_3_3
Parameters: 0.999999 -0.000724069 -0.000315841 0.00072393 0.999999 -0.000219229 0.000316158 0.000218771 1 -0.160845 -0.161299 -0.0535804
FixedParameters: 0 0 0

#Transform 48
Transform: AffineTransform_float_3_3
Parameters: 1 -0.000212977 -0.000191025 0.000213023 1 0.000118959 0.000190975 -0.000119041 1 -0.0100259 -0.0921635 -0.120923
FixedParameters: 0 0 0

#Transform 49
Transform: AffineTransform_float_3_3
Parameters: 1 -0.000515116 -0.000325815 0.000514883 1 -0.000358168 0.000326184 0.000357832 1 -0.0865563 -0.109767 0.0360865
FixedParameters: 0 0 0

#Transform 50
Transform: AffineTransform_float_3_3
Parameters: 1 -0.000273974 -0.000326022 0.000274026 1 7.89107e-05 0.000325978 -7.90893e-05 1 -0.0237668 -0.0774621 -0.146402
FixedParameters: 0 0 0

#Transform 51
Transform: AffineTransform_float_3_3
Parameters: 1 -0.000502001 -0.000115993 0.000501998 1 -1.40582e-05 0.000116007 1.39418e-05 1 -0.109545 -0.140974 -0.0150655
FixedParameters: 0 0 0

#Transform 52
Transform: AffineTransform_float_3_3
Parameters: 1 -0.000404978 3.7243e-05 0.000405022 0.999999 -0.000599985 -3.6757e-05 0.000600015 1 -0.0912494 -0.0724114 0.112735
FixedParameters: 0 0 0

#Transform 53
Transform: AffineTransform_float_3_3
Parameters: 0.999999 -0.000664928 -0.000326145 0.000665071 1 0.000218783 0.000325854 -0.000219217 1 -0.144253 -0.217126 -0.159039
FixedParameters: 0 0 0

#Transform 54
Transform: AffineTransform_float_3_3
Parameters: 0.999999 -0.000629233 -0.00032555 0.000629766 0.999999 -0.000715205 0.000326451 0.000715794 0.999999 -0.126679 -0.103638 0.0445438
FixedParameters: 0 0 0

#Transform 55
Transform: AffineTransform_float_3_3
Parameters: 1 -0.000376091 0.000202831 0.000375909 1 0.000449076 -0.000203169 -0.000448923 1 -0.0980234 -0.217165 -0.153434
FixedParameters: 0 0 0

#Transform 56
Transform: AffineTransform_float_3_3
Parameters: 0.999999 -0.000827309 -0.000325214 0.000827691 0.999999 -0.00095027 0.000325787 0.000950732 1 -0.196275 -0.157444 0.167437
FixedParameters: 0 0 0

#Transform 57
Transform: AffineTransform_float_3_3
Parameters: 1 -0.000276986 -9.00435e-05 0.000277014 1 0.000156975 8.99565e-05 -0.000157025 1 -0.0502705 -0.169362 -0.109057
FixedParameters: 0 0 0

#Transform 58
Transform: AffineTransform_float_3_3
Parameters: 0.999999 -0.000681257 -0.000325464 0.000681744 1 -0.000787222 0.000325537 0.000787779 0.999999 -0.149273 -0.14486 0.141314
FixedParameters: 0 0 0

#Transform 59
Transform: AffineTransform_float_3_3
Parameters: 1 -0.00054 -0.000326 0.00054 1 -1.7604e-07 0.000326 -1.7604e-07 1 -0.108654 -0.214434 -0.159642
FixedParameters: 0 0 0

#Transform 60
Transform: AffineTransform_float_3_3
Parameters: 0.999999 -0.000810102 -0.000325745 0.000809897 0.999999 -0.000315264 0.000326255 0.000314736 1 -0.190161 -0.231518 -0.00266272
FixedParameters: 0 0 0

#Transform 61
Transform: AffineTransform_float_3_3
Parameters: 1 -0.000441989 3.61375e-05 0.000442011 1 -0.000310984 -3.58625e-05 0.000311016 1 -0.108033 -0.1161 -0.0109929
FixedParameters: 0 0 0

#Transform 62
Transform: AffineTransform_float_3_3
Parameters: 0.999999 -0.000824971 -7.23192e-05 0.000825027 0.999999 0.00038694 7.16807e-05 -0.000387059 1 -0.22185 -0.287874 -0.174717
FixedParameters: 0 0 0

#Transform 63
Transform: AffineTransform_float_3_3
Parameters: 0.999999 -0.000863402 -0.000324932 0.000863597 0.999999 -0.00123728 0.000326068 0.00123672 0.999999 -0.209037 -0.117556 0.24317
FixedParameters: 0 0 0

#Transform 64
Transform: AffineTransform_float_3_3
Parameters: 1 -0.000274894 -0.000326089 0.000275106 1 0.00032491 0.000325911 -0.00032409 1 -0.0108038 -0.20157 -0.218224
FixedParameters: 0 0 0

#Transform 65
Transform: AffineTransform_float_3_3
Parameters: 0.999999 -0.000769253 -0.000325401 0.000768747 1 -0.00077825 0.000325598 0.00077775 0.999999 -0.175847 -0.157383 0.123459
FixedParameters: 0 0 0

#Transform 66
Transform: AffineTransform_float_3_3
Parameters: 1 -0.000279928 -0.000326062 0.000280072 1 0.000220909 0.000325938 -0.000221091 1 -0.0241482 -0.161065 -0.221475
FixedParameters: 0 0 0

#Transform 67
Transform: AffineTransform_float_3_3
Parameters: 1 -0.000932114 -0.000481779 0.000931886 0.999999 -0.000237449 0.000482221 0.000236551 1 -0.219056 -0.24126 -0.0552185
FixedParameters: 0 0 0

#Transform 68
Transform: AffineTransform_float_3_3
Parameters: 1 -0.000151952 4.71541e-05 0.000152048 1 -0.00101399 -4.68459e-05 0.00101401 1 0.00746993 -0.0259378 0.215333
FixedParameters: 0 0 0

#Transform 69
Transform: AffineTransform_float_3_3
Parameters: 1 -0.000441955 -0.000195102 0.000442045 1 0.000230914 0.000194898 -0.000231086 1 -0.082014 -0.213822 -0.204989
FixedParameters: 0 0 0

#Transform 70
Transform: AffineTransform_float_3_3
Parameters: 1 -0.000363419 -0.000325533 0.000363581 0.999999 -0.00128712 0.000325468 0.00128688 0.999999 -0.0333109 -0.034961 0.264739
FixedParameters: 0 0 0

#Transform 71
Transform: AffineTransform_float_3_3
Parameters: 0.999999 -0.000842071 -0.000511882 0.000841928 0.999999 -0.000140431 0.000511117 0.00013957 1 -0.184616 -0.266368 -0.127784
FixedParameters: 0 0 0

#Transform 72
Transform: AffineTransform_float_3_3
Parameters: 1 -0.000497266 -0.000325594 0.000497733 0.999999 -0.000817162 0.000326407 0.000816837 0.999999 -0.0803447 -0.108119 0.152112
FixedParameters: 0 0 0

#Transform 73
Transform: AffineTransform_float_3_3
Parameters: 1 -0.000561105 -0.000175663 0.000561894 0.999999 -0.000601098 0.000175338 0.000600901 1 -0.131983 -0.134243 0.0515039
FixedParameters: 0 0 0

#Transform 74
Transform: AffineTransform_float_3_3
Parameters: 1 0.000148971 -0.000104041 -0.000149028 1 -0.000273984 0.000103959 0.000274015 1 0.112613 -0.0365291 0.0127911
FixedParameters: 0 0 0

#Transform 75
Transform: AffineTransform_float_3_3
Parameters: 1 -0.000736748 -0.000670179 0.000736253 0.999999 -0.00111549 0.000670822 0.00111451 0.999999 -0.133297 -0.125615 0.0822065
FixedParameters: 0 0 0

#Transform 76
Transform: AffineTransform_float_3_3
Parameters: 1 -0.00033903 -0.000222954 0.00033897 1 -0.000135076 0.000223046 0.000134924 1 -0.0472085 -0.158664 -0.0749244
FixedParameters: 0 0 0

#Transform 77
Transform: AffineTransform_float_3_3
Parameters: 0.999999 -0.000530623 -0.000551401 0.000529376 0.999999 -0.00113029 0.000552598 0.00112971 0.999999 -0.0813142 -0.0858858 0.166162
FixedParameters: 0 0 0

#Transform 78
Transform: AffineTransform_float_3_3
Parameters: 0.999999 -0.000448667 -0.000651542 0.000448333 1 -0.00102229 0.000652459 0.00102271 1 -0.0521392 -0.0803836 0.104384
FixedParameters: 0 0 0

#Transform 79
Transform: AffineTransform_float_3_3
Parameters: 1 -6.93483e-05 -0.000509953 6.96516e-05 1 -0.000683035 0.000510047 0.000682964 0.999999 0.0611558 -0.0467735 0.0387152
FixedParameters: 0 0 0

#Transform 80
Transform: AffineTransform_float_3_3
Parameters: 0.999999 -0.000553024 -0.00059505 0.000551976 0.999999 -0.00171933 0.00059595 0.00171867 0.999999 -0.0927094 -0.0371666 0.319691
FixedParameters: 0 0 0

#Transform 81
Transform: AffineTransform_float_3_3
Parameters: 1 0.000174899 -0.000179099 -0.000174101 1 -0.000565969 0.000178901 0.000566031 1 0.0967803 -0.0333625 0.112812
FixedParameters: 0 0 0

#Transform 82
Transform: AffineTransform_float_3_3
Parameters: 1 -0.000553506 -0.000850022 0.000551495 0.999999 -0.00177047 0.000850978 0.00176953 0.999998 -0.0724054 -0.0326837 0.288861
FixedParameters: 0 0 0

#Transform 83
Transform: AffineTransform_float_3_3
Parameters: 1 0.000254931 -0.000286061 -0.000255069 1 -0.000240927 0.000285939 0.000240073 1 0.130921 -0.0496529 -0.0720764
FixedParameters: 0 0 0

#Transform 84
Transform: AffineTransform_float_3_3
Parameters: 0.999999 -0.000552627 -0.000664478 0.000552372 1 -0.000944368 0.000665522 0.000943633 1 -0.0870343 -0.106929 0.0712546
FixedParameters: 0 0 0

#Transform 85
Transform: AffineTransform_float_3_3
Parameters: 1 -5.09594e-06 -0.000204998 4.90406e-06 1 -0.000468001 0.000205002 0.000467999 1 0.0495124 -0.0878424 -0.0330105
FixedParameters: 0 0 0

#Transform 86
Transform: AffineTransform_float_3_3
Parameters: 1 -0.000146089 -0.000346962 0.00014591 1 -0.000258051 0.000347038 0.000257949 1 0.0232193 -0.115984 -0.0697069
FixedParameters: 0 0 0

#Transform 87
Transform: AffineTransform_float_3_3
Parameters: 0.999999 -0.000482907 -0.000562222 0.000482093 0.999998 -0.00161227 0.000562777 0.00161173 0.999998 -0.0623672 -0.0569284 0.246375
FixedParameters: 0 0 0

#Transform 88
Transform: AffineTransform_float_3_3
Parameters: 1 -0.000487057 -0.000459939 0.000486942 1 -0.000125224 0.000460061 0.000124776 1 -0.100864 -0.191471 -0.188741
FixedParameters: 0 0 0

#Transform 89
Transform: AffineTransform_float_3_3
Parameters: 0.999999 -0.000552329 -0.000510643 0.00055167 0.999999 -0.000645281 0.000511356 0.000644717 0.999999 -0.107576 -0.156712 0.0134714
FixedParameters: 0 0 0

#Transform 90
Transform: AffineTransform_float_3_3
Parameters: 1 -0.000481349 -0.000404585 0.000481651 0.999999 -0.000862194 0.000404415 0.000861805 0.999999 -0.0875281 -0.124126 0.0257734
FixedParameters: 0 0 0

#Transform 91
Transform: AffineTransform_float_3_3
Parameters: 1 -0.000308981 -0.00028902 0.000309019 1 6.59107e-05 0.00028898 -6.60893e-05 1 -0.0493585 -0.181918 -0.13556
FixedParameters: 0 0 0

#Transform 92
Transform: AffineTransform_float_3_3
Parameters: 1 -0.000234482 -0.000288609 0.000234517 0.999998 -0.00167007 0.000289392 0.00166993 0.999998 -0.011503 0.0133192 0.359327
FixedParameters: 0 0 0

#Transform 93
Transform: AffineTransform_float_3_3
Parameters: 1 -0.000552122 -0.000288766 0.000551877 1 -0.000423159 0.000289233 0.00042284 1 -0.12448 -0.176828 -0.103716
FixedParameters: 0 0 0

#Transform 94
Transform: AffineTransform_float_3_3
Parameters: 1 -8.53187e-05 -0.000288906 8.56812e-05 1 -0.00110303 0.000289095 0.00110298 1 0.0408923 -0.0185678 0.221986
FixedParameters: 0 0 0

#Transform 95
Transform: AffineTransform_float_3_3
Parameters: 0.999999 -0.000552691 -0.000623388 0.00055231 0.999999 -0.00110735 0.000623612 0.00110766 0.999999 -0.0806068 -0.0554689 0.0677054
FixedParameters: 0 0 0

#Transform 96
Transform: AffineTransform_float_3_3
Parameters: 0.999999 -0.000224431 -0.000712864 0.000223568 1 -0.000605159 0.000713135 0.00060484 0.999999 0.0233487 -0.07895 -0.00703963
FixedParameters: 0 0 0

#Transform 97
Transform: AffineTransform_float_3_3
Parameters: 0.999999 -0.000663494 -0.000711609 0.000662507 0.999997 -0.00209747 0.000712391 0.00209753 0.999997 -0.11512 -0.0110748 0.382353
FixedParameters: 0 0 0

#Transform 98
Transform: AffineTransform_float_3_3
Parameters: 0.999999 -0.000552191 -0.00114791 0.000551809 1 -0.000166634 0.00114809 0.000166366 1 -0.0353522 -0.181514 -0.315497
FixedParameters: 0 0 0

#Transform 99
Transform: AffineTransform_float_3_3
Parameters: 0.999999 -0.000127665 -0.000712881 0.000127335 0.999999 -0.000933091 0.000713119 0.000932909 1 0.0726929 -0.0159206 0.0443921
FixedParameters: 0 0 0

#Transform 100
Transform: AffineTransform_float_3_3
Parameters: 0.999999 -9.37306e-05 -0.000838919 9.32691e-05 0.999999 -0.000871078 0.000839081 0.000870922 1 0.0917859 0.0155491 -0.0927781
FixedParameters: 0 0 0

#Transform 101
Transform: AffineTransform_float_3_3
Parameters: 0.999999 -4.4475e-05 -0.000916977 4.35249e-05 1 -0.00051804 0.000917023 0.00051796 1 0.116752 -0.0508926 -0.163735
FixedParameters: 0 0 0

#Transform 102
Transform: AffineTransform_float_3_3
Parameters: 0.999999 -0.00055401 -0.00109298 0.00055199 0.999998 -0.0018386 0.00109402 0.0018374 0.999997 -0.047957 -0.0025987 0.178673
FixedParameters: 0 0 0

#Transform 103
Transform: AffineTransform_float_3_3
Parameters: 0.999999 -5.26488e-06 -0.000785998 4.73511e-06 1 -0.000337004 0.000786001 0.000336996 0.999999 0.0925018 -0.0638347 -0.257471
FixedParameters: 0 0 0

#Transform 104
Transform: AffineTransform_float_3_3
Parameters: 1 -8.57764e-05 -0.000696905 8.52235e-05 1 -0.00111406 0.000697095 0.00111394 0.999999 0.0624608 0.0113506 0.0901537
FixedParameters: 0 0 0

#Transform 105
Transform: AffineTransform_float_3_3
Parameters: 1 0.000234925 -0.000328054 -0.000235075 1 -0.000228923 0.000327946 0.000229077 1 0.104702 -0.000757917 -0.150411
FixedParameters: 0 0 0

#Transform 106
Transform: AffineTransform_float_3_3
Parameters: 0.999999 -0.00055328 -0.000722021 0.00055172 0.999999 -0.0017714 0.000722978 0.0017716 0.999998 -0.102528 -0.0227648 0.24376
FixedParameters: 0 0 0

#Transform 107
Transform: AffineTransform_float_3_3
Parameters: 0.999999 1.18168e-05 -0.000949001 -1.11831e-05 1 -0.000192989 0.000948997 0.000193011 0.999999 0.0885045 -0.0837127 -0.247395
FixedParameters: 0 0 0

#Transform 108
Transform: AffineTransform_float_3_3
Parameters: 1 0.000833419 -0.000426139 -0.000834583 0.999998 -0.00136564 0.00042586 0.00136636 0.999999 0.327191 0.195924 0.239426
FixedParameters: 0 0 0

#Transform 109
Transform: AffineTransform_float_3_3
Parameters: 0.999999 -0.000208443 -0.000864893 0.000207557 1 -0.000512179 0.000865106 0.00051182 0.999999 -0.0052921 -0.0783415 -0.219235
FixedParameters: 0 0 0

#Transform 110
Transform: AffineTransform_float_3_3
Parameters: 1 0.000533728 -0.000425341 -0.000534272 0.999999 -0.000638772 0.000425658 0.000639227 0.999999 0.225943 0.0546863 -0.0226426
FixedParameters: 0 0 0

#Transform 111
Transform: AffineTransform_float_3_3
Parameters: 0.999999 -6.80703e-05 -0.00123594 6.69295e-05 0.999999 -0.000866083 0.00123606 0.000865916 0.999999 0.106589 -0.00970524 -0.258664
FixedParameters: 0 0 0

#Transform 112
Transform: AffineTransform_float_3_3
Parameters: 0.999999 5.25842e-05 -0.000928024 -5.34157e-05 1 -0.000447951 0.000927976 0.000448049 1 0.126038 -0.066833 -0.181139
FixedParameters: 0 0 0

#Transform 113
Transform: AffineTransform_float_3_3
Parameters: 0.999999 0.000471706 -0.000828738 -0.000473294 0.999998 -0.00156161 0.000828262 0.00156139 0.999999 0.241404 0.111116 0.077162
FixedParameters: 0 0 0

#Transform 114
Transform: AffineTransform_float_3_3
Parameters: 1 0.000186763 -0.000650068 -0.000186236 1 -0.000363879 0.000649932 0.000364121 0.999999 0.11995 -0.049873 -0.21815
FixedParameters: 0 0 0

#Transform 115
Transform: AffineTransform_float_3_3
Parameters: 1 0.000167737 -0.00111534 -0.000170262 0.999998 -0.00202881 0.00111466 0.00202919 0.999998 0.186407 0.121681 0.183411
FixedParameters: 0 0 0

#Transform 116
Transform: AffineTransform_float_3_3
Parameters: 0.999999 -0.000553069 -0.00111447 0.00055193 1 -0.000959616 0.00111553 0.000958384 0.999999 -0.0669901 -0.123394 -0.190762
FixedParameters: 0 0 0

#Transform 117
Transform: AffineTransform_float_3_3
Parameters: 1 0.000175349 -0.00063418 -0.00017565 0.999999 -0.00102589 0.00063382 0.00102611 1 0.112792 0.0153192 0.0907809
FixedParameters: 0 0 0

#Transform 118
Transform: AffineTransform_float_3_3
Parameters: 0.999999 -2.00742e-05 -0.000904956 1.79257e-05 0.999998 -0.00229202 0.000905043 0.00229198 0.999997 0.101353 0.134589 0.291359
FixedParameters: 0 0 0

#Transform 119
Transform: AffineTransform_float_3_3
Parameters: 0.999999 0.000503905 -0.00087563 -0.000504094 0.999999 -0.00125056 0.00087437 0.00125044 0.999999 0.255082 0.10394 -0.0112024
FixedParameters: 0 0 0

#Transform 120
Transform: AffineTransform_float_3_3
Parameters: 0.999999 0.000649569 -0.000374747 -0.000650431 0.999999 -0.00114976 0.000374252 0.00115024 1 0.244518 0.147591 0.112603
FixedParameters: 0 0 0

#Transform 121
Transform: AffineTransform_float_3_3
Parameters: 0.999999 0.000436367 -0.000936231 -0.000438633 0.999996 -0.00281459 0.000934768 0.00281441 0.999995 0.22239 0.312245 0.459543
FixedParameters: 0 0 0

#Transform 122
Transform: AffineTransform_float_3_3
Parameters: 1 0.000345777 -0.000964439 -0.000346222 0.999999 -0.00126767 0.000963562 0.00126833 0.999998 0.207653 0.0655877 -0.0473198
FixedParameters: 0 0 0

#Transform 123
Transform: AffineTransform_float_3_3
Parameters: 0.999999 -1.93428e-05 -0.000773968 1.76571e-05 0.999998 -0.00173501 0.000774032 0.00173499 0.999998 0.0804164 0.0648518 0.182643
FixedParameters: 0 0 0

#Transform 124
Transform: AffineTransform_float_3_3
Parameters: 0.999999 -2.08079e-05 -0.00154196 1.8192e-05 0.999999 -0.00182103 0.00154204 0.00182097 0.999997 0.12609 0.0938372 -0.0311603
FixedParameters: 0 0 0

#Transform 125
Transform: AffineTransform_float_3_3
Parameters: 1 0.000792379 -0.000774637 -0.000792622 1 -0.000802387 0.000774364 0.000803615 1 0.337144 0.148079 -0.0887681
FixedParameters: 0 0 0

#Transform 126
Transform: AffineTransform_float_3_3
Parameters: 0.999999 -0.000456807 -0.000772935 0.000455193 0.999997 -0.00233635 0.000774065 0.00233665 0.999997 -0.0724995 0.091161 0.288507
FixedParameters: 0 0 0

#Transform 127
Transform: AffineTransform_float_3_3
Parameters: 0.999999 0.000161073 -0.0015412 -0.000162926 0.999999 -0.00124975 0.0015408 0.00125025 0.999998 0.194676 0.0236461 -0.265625
FixedParameters: 0 0 0

#Transform 128
Transform: AffineTransform_float_3_3
Parameters: 0.999999 -1.93375e-05 -0.00129098 1.76625e-05 1 -0.00103602 0.00129102 0.00103598 0.999998 0.136419 -0.0118774 -0.23221
FixedParameters: 0 0 0

#Transform 129
Transform: AffineTransform_float_3_3
Parameters: 0.999999 -2.00156e-05 -0.00154097 1.79843e-05 0.999999 -0.00130803 0.00154102 0.00130797 0.999998 0.141241 0.0518224 -0.217937
FixedParameters: 0 0 0

#Transform 130
Transform: AffineTransform_float_3_3
Parameters: 0.999999 -1.85076e-05 -0.00123199 1.74924e-05 1 -0.000412022 0.00123201 0.000411978 0.999999 0.113802 -0.0800657 -0.346251
FixedParameters: 0 0 0

#Transform 131
Transform: AffineTransform_float_3_3
Parameters: 0.999999 -1.85727e-05 -0.000952989 1.74272e-05 1 -0.000601017 0.000953011 0.000600983 1 0.10611 -0.0289187 -0.240592
FixedParameters: 0 0 0

#Transform 132
Transform: AffineTransform_float_3_3
Parameters: 0.999999 -1.88275e-05 -0.000885983 1.81724e-05 0.999999 -0.000934016 0.000886017 0.000933983 0.999999 0.0999611 0.0116216 -0.140766
FixedParameters: 0 0 0

#Transform 133
Transform: AffineTransform_float_3_3
Parameters: 0.999999 0.000177053 -0.00127499 -0.000176948 1 4.12256e-05 0.00127501 -4.17743e-05 0.999999 0.189544 -0.054755 -0.637277
FixedParameters: 0 0 0

#Transform 134
Transform: AffineTransform_float_3_3
Parameters: 1 0.000276081 -0.00055996 -0.000275919 1 0.000144155 0.00056004 -0.000143845 1 0.145491 -0.0714019 -0.389171
FixedParameters: 0 0 0

#Transform 135
Transform: AffineTransform_float_3_3
Parameters: 0.999999 -4.80803e-05 -0.00129696 4.69195e-05 0.999999 -0.000833061 0.00129704 0.000832938 0.999999 0.116019 0.00121074 -0.330186
FixedParameters: 0 0 0

#Transform 136
Transform: AffineTransform_float_3_3
Parameters: 0.999999 0.000491192 -0.00116592 -0.000490808 1 0.000164572 0.00116608 -0.000164427 1 0.266503 -0.0366107 -0.590511
FixedParameters: 0 0 0

#Transform 137
Transform: AffineTransform_float_3_3
Parameters: 0.999999 0.000459007 -0.00145131 -0.000459994 0.999999 -0.000684333 0.00145168 0.000684667 0.999998 0.28759 0.0593866 -0.338501
FixedParameters: 0 0 0

#Transform 138
Transform: AffineTransform_float_3_3
Parameters: 0.999999 0.000134597 -0.00150704 -0.000135402 1 -0.000266796 0.00150696 0.000267203 0.999999 0.173462 -0.0284945 -0.545308
FixedParameters: 0 0 0

#Transform 139
Transform: AffineTransform_float_3_3
Parameters: 0.999999 0.000746282 -0.0010638 -0.000745717 0.999999 0.000265794 0.0010642 -0.000265206 1 0.355999 0.00864846 -0.584495
FixedParameters: 0 0 0

#Transform 140
Transform: AffineTransform_float_3_3
Parameters: 0.999999 -0.000210707 -0.000984849 0.000210292 0.999999 -0.000718207 0.000985151 0.000717793 1 0.0415595 -0.0345601 -0.317463
FixedParameters: 0 0 0

#Transform 141
Transform: AffineTransform_float_3_3
Parameters: 1 0.000285465 -0.000984866 -0.000284535 1 0.000472281 0.000985135 -0.000471719 1 0.215828 -0.105044 -0.668788
FixedParameters: 0 0 0

#Transform 142
Transform: AffineTransform_float_3_3
Parameters: 0.999999 6.62611e-05 -0.00098505 -6.77386e-05 0.999999 -0.000749934 0.000984949 0.000750066 0.999999 0.138945 -0.0088438 -0.26556
FixedParameters: 0 0 0

#Transform 143
Transform: AffineTransform_float_3_3
Parameters: 0.999999 0.000270763 -0.00135205 -0.000271236 1 -0.000174633 0.00135195 0.000175366 0.999999 0.244025 -0.0230769 -0.548695
FixedParameters: 0 0 0

#Transform 144
Transform: AffineTransform_float_3_3
Parameters: 0.999998 -0.000813049 -0.00189255 0.00081195 1 -0.000555538 0.00189345 0.000553462 0.999998 -0.0683845 -0.236468 -0.477171
FixedParameters: 0 0 0

#Transform 145
Transform: AffineTransform_float_3_3
Parameters: 0.999999 -0.000139565 -0.00175688 0.000138434 0.999999 -0.000891244 0.00175712 0.000890756 0.999998 0.151817 -0.0333869 -0.429612
FixedParameters: 0 0 0

#Transform 146
Transform: AffineTransform_float_3_3
Parameters: 0.999999 -0.000267917 -0.00173301 0.000268085 1 4.85355e-05 0.00173299 -4.84643e-05 0.999998 0.104013 -0.176941 -0.667209
FixedParameters: 0 0 0

#Transform 147
Transform: AffineTransform_float_3_3
Parameters: 0.999999 0.00045323 -0.00151253 -0.000454769 0.999999 -0.00116931 0.00151247 0.00117069 0.999998 0.337259 0.107967 -0.297291
FixedParameters: 0 0 0

#Transform 148
Transform: AffineTransform_float_3_3
Parameters: 0.999996 -0.000479222 -0.00254758 0.000476779 0.999999 -0.000872217 0.00254842 0.000871782 0.999997 0.107456 -0.127623 -0.614839
FixedParameters: 0 0 0

#Transform 149
Transform: AffineTransform_float_3_3
Parameters: 0.999998 3.37522e-05 -0.00165703 -3.42476e-05 0.999999 -0.000752944 0.00165697 0.000753057 0.999999 0.216531 -0.0182004 -0.427669
FixedParameters: 0 0 0

#Transform 150
Transform: AffineTransform_float_3_3
Parameters: 0.999996 -0.000479926 -0.0028125 0.000477073 1 -0.00104135 0.0028125 0.00103965 0.999995 0.148401 -0.0768546 -0.659249
FixedParameters: 0 0 0

#Transform 151
Transform: AffineTransform_float_3_3
Parameters: 0.999998 0.000221357 -0.00199607 -0.000221642 1 -0.000321558 0.00199593 0.000322442 0.999998 0.277196 -0.0117273 -0.586637
FixedParameters: 0 0 0

#Transform 152
Transform: AffineTransform_float_3_3
Parameters: 0.999996 -0.00073101 -0.00281396 0.000726989 0.999998 -0.00142605 0.00281504 0.00142395 0.999995 0.036305 -0.113489 -0.512841
FixedParameters: 0 0 0

#Transform 153
Transform: AffineTransform_float_3_3
Parameters: 0.999997 0.000457433 -0.00230331 -0.000459567 0.999999 -0.000679943 0.00230269 0.000681055 0.999997 0.361968 0.0212984 -0.645166
FixedParameters: 0 0 0

#Transform 154
Transform: AffineTransform_float_3_3
Parameters: 0.999997 0.000848728 -0.00196755 -0.000849274 1 -0.000646331 0.00196745 0.000647672 0.999998 0.45928 0.114107 -0.514794
FixedParameters: 0 0 0

#Transform 155
Transform: AffineTransform_float_3_3
Parameters: 0.999997 0.00050852 -0.00246514 -0.000514479 0.999998 -0.00222274 0.00246386 0.00222426 0.999995 0.379691 0.204908 -0.220611
FixedParameters: 0 0 0

#Transform 156
Transform: AffineTransform_float_3_3
Parameters: 0.999995 0.0015107 -0.00252038 -0.0015123 0.999999 -0.000909193 0.00251962 0.000912811 0.999997 0.720021 0.240601 -0.594125
FixedParameters: 0 0 0

#Transform 157
Transform: AffineTransform_float_3_3
Parameters: 0.999997 0.00101874 -0.00233386 -0.00102325 0.999998 -0.00182262 0.00233214 0.00182538 0.999995 0.5324 0.248211 -0.296185
FixedParameters: 0 0 0

#Transform 158
Transform: AffineTransform_float_3_3
Parameters: 0.999994 0.000313663 -0.00339631 -0.000316337 1 -0.000981932 0.00339569 0.000983071 0.999994 0.366256 0.0417323 -0.899672
FixedParameters: 0 0 0

#Transform 159
Transform: AffineTransform_float_3_3
Parameters: 0.999995 0.000990769 -0.00297808 -0.00099123 0.999999 -7.60483e-05 0.00297792 7.89508e-05 0.999995 0.61197 0.0483826 -0.958681
FixedParameters: 0 0 0

#Transform 160
Transform: AffineTransform_float_3_3
Parameters: 0.999995 -0.000264971 -0.00336146 0.000258031 0.999998 -0.00207388 0.00336154 0.00207312 0.999992 0.209153 0.00863391 -0.488895
FixedParameters: 0 0 0

#Transform 161
Transform: AffineTransform_float_3_3
Parameters: 0.999991 0.000521069 -0.00418562 -0.000525929 0.999999 -0.00117681 0.00418438 0.00117919 0.99999 0.556979 0.0312389 -1.18425
FixedParameters: 0 0 0

#Transform 162
Transform: AffineTransform_float_3_3
Parameters: 0.999994 0.00105149 -0.00333716 -0.00105151 1 -0.000150492 0.00333684 0.00015351 0.999995 0.636052 0.0420897 -1.26104
FixedParameters: 0 0 0

#Transform 163
Transform: AffineTransform_float_3_3
Parameters: 0.999991 9.57144e-06 -0.00438202 -1.54283e-05 0.999999 -0.00146695 0.00438199 0.00146706 0.99999 0.391248 -0.035232 -1.17836
FixedParameters: 0 0 0

#Transform 164
Transform: AffineTransform_float_3_3
Parameters: 0.999994 0.000988673 -0.00352409 -0.000988325 0.999999 -9.05176e-05 0.00352391 9.44846e-05 0.999994 0.630826 0.000967944 -1.40718
FixedParameters: 0 0 0

#Transform 165
Transform: AffineTransform_float_3_3
Parameters: 0.999994 0.000522948 -0.00340432 -0.00052505 0.999999 -0.000601216 0.00340468 0.000603784 0.999994 0.476733 -0.0121973 -1.01816
FixedParameters: 0 0 0

#Transform 166
Transform: AffineTransform_float_3_3
Parameters: 0.99999 0.000383706 -0.00445155 -0.00039029 0.999999 -0.00141228 0.00445045 0.00141472 0.999989 0.522191 0.0534316 -1.19021
FixedParameters: 0 0 0

#Transform 167
Transform: AffineTransform_float_3_3
Parameters: 0.999991 0.00263797 -0.00332402 -0.00263803 0.999996 -4.23117e-06 0.00332398 1.27687e-05 0.999995 1.04147 0.366228 -1.36372
FixedParameters: 0 0 0

#Transform 168
Transform: AffineTransform_float_3_3
Parameters: 0.999984 0.00363788 -0.00443239 -0.00364213 0.999993 -0.000922872 0.00442861 0.000939126 0.99999 1.44588 0.667185 -1.25108
FixedParameters: 0 0 0

#Transform 169
Transform: AffineTransform_float_3_3
Parameters: 0.999977 0.0025915 -0.00624862 -0.0026045 0.999995 -0.00215378 0.00624339 0.00217023 0.999978 1.25747 0.558375 -1.4099
FixedParameters: 0 0 0

#Transform 170
Transform: AffineTransform_float_3_3
Parameters: 0.999971 0.00482171 -0.00586706 -0.00482329 0.999989 -0.000205707 0.00586594 0.000234291 0.999983 1.94081 0.792269 -1.93091
FixedParameters: 0 0 0

#Transform 171
Transform: AffineTransform_float_3_3
Parameters: 0.999929 0.00677445 -0.00981621 -0.00679455 0.999975 -0.00206145 0.00980179 0.00212755 0.999949 2.74013 1.3168 -2.098
FixedParameters: 0 0 0

#Transform 172
Transform: AffineTransform_float_3_3
Parameters: 0.999915 0.00689958 -0.0110061 -0.00692241 0.999974 -0.00199998 0.0109919 0.00207602 0.999938 2.88873 1.36901 -2.33602
FixedParameters: 0 0 0

#Transform 173
Transform: AffineTransform_float_3_3
Parameters: 0.999936 0.00704111 -0.00893734 -0.0070579 0.999974 -0.00186004 0.00892467 0.00192297 0.999959 2.79572 1.32124 -1.89598
FixedParameters: 0 0 0

#Transform 174
Transform: AffineTransform_float_3_3
Parameters: 0.999921 0.00646348 -0.010848 -0.00648651 0.999976 -0.0021338 0.010834 0.0022042 0.999939 2.75151 1.28408 -2.21023
FixedParameters: 0 0 0

#Transform 175
Transform: AffineTransform_float_3_3
Parameters: 0.99989 0.00696237 -0.013052 -0.00699563 0.999973 -0.00253297 0.013034 0.00262403 0.999911 3.09496 1.42269 -2.6813
FixedParameters: 0 0 0

#Transform 176
Transform: AffineTransform_float_3_3
Parameters: 0.999891 0.00698728 -0.013042 -0.00700372 0.999974 -0.00123679 0.013033 0.00132821 0.999914 3.06589 1.24027 -3.04562
FixedParameters: 0 0 0

#Transform 177
Transform: AffineTransform_float_3_3
Parameters: 0.999889 0.00756981 -0.0128524 -0.00757918 0.999971 -0.000665664 0.0128466 0.000763331 0.999917 3.21755 1.34096 -3.1652
FixedParameters: 0 0 0

#Transform 178
Transform: AffineTransform_float_3_3
Parameters: 0.999854 0.00916696 -0.0143803 -0.00920503 0.999955 -0.00258101 0.0143557 0.00271299 0.999894 3.82975 1.80324 -2.9974
FixedParameters: 0 0 0

#Transform 179
Transform: AffineTransform_float_3_3
Parameters: 0.99983 0.00898143 -0.0160611 -0.00901957 0.999957 -0.00226852 0.0160399 0.00241247 0.999869 3.88982 1.71939 -3.46583
FixedParameters: 0 0 0

#Transform 180
Transform: AffineTransform_float_3_3
Parameters: 0.999836 0.00947505 -0.0153951 -0.00949794 0.999954 -0.00141801 0.0153819 0.001564 0.999881 3.99432 1.74348 -3.54635
FixedParameters: 0 0 0

#Transform 181
Transform: AffineTransform_float_3_3
Parameters: 0.999826 0.00977054 -0.015896 -0.00981644 0.999948 -0.00278344 0.015868 0.00293955 0.99987 4.09939 1.95198 -3.26098
FixedParameters: 0 0 0

#Transform 182
Transform: AffineTransform_float_3_3
Parameters: 0.999811 0.0108799 -0.0160679 -0.0109211 0.999938 -0.00247499 0.0160401 0.00265001 0.999868 4.4392 2.08532 -3.38397
FixedParameters: 0 0 0

#Transform 183
Transform: AffineTransform_float_3_3
Parameters: 0.999824 0.0108565 -0.0153116 -0.0108845 0.99994 -0.00171564 0.0152914 0.00188234 0.999882 4.37767 2.02705 -3.35173
FixedParameters: 0 0 0

#Transform 184
Transform: AffineTransform_float_3_3
Parameters: 0.999803 0.0109701 -0.0165073 -0.0110379 0.999931 -0.00402558 0.0164627 0.00420642 0.999855 4.49373 2.25303 -2.95694
FixedParameters: 0 0 0

#Transform 185
Transform: AffineTransform_float_3_3
Parameters: 0.999787 0.0119876 -0.0168436 -0.0120364 0.999923 -0.00277786 0.0168094 0.00298014 0.999855 4.81628 2.30963 -3.47665
FixedParameters: 0 0 0

#Transform 186
Transform: AffineTransform_float_3_3
Parameters: 0.99978 0.0130103 -0.0164934 -0.0130557 0.999912 -0.00260724 0.0164586 0.00282175 0.99986 5.10725 2.48239 -3.34739
FixedParameters: 0 0 0

#Transform 187
Transform: AffineTransform_float_3_3
Parameters: 0.999695 0.0144757 -0.0199837 -0.0145813 0.999881 -0.00513518 0.0199073 0.00542483 0.999787 5.79102 2.97055 -3.41778
FixedParameters: 0 0 0

#Transform 188
Transform: AffineTransform_float_3_3
Parameters: 0.999671 0.0152845 -0.0205888 -0.0153576 0.999876 -0.00341893 0.0205342 0.00373408 0.999782 6.06529 2.92247 -3.99865
FixedParameters: 0 0 0

#Transform 189
Transform: AffineTransform_float_3_3
Parameters: 0.999713 0.0164031 -0.0174521 -0.016471 0.999858 -0.00375662 0.0173879 0.00404337 0.99984 6.16476 3.18117 -3.11486
FixedParameters: 0 0 0

#Transform 190
Transform: AffineTransform_float_3_3
Parameters: 0.999625 0.0173194 -0.0212193 -0.0174606 0.999827 -0.00650394 0.0211027 0.00687207 0.999753 6.73361 3.53853 -3.2611
FixedParameters: 0 0 0

#Transform 191
Transform: AffineTransform_float_3_3
Parameters: 0.999621 0.0185356 -0.0203889 -0.0186224 0.999819 -0.00405685 0.0203101 0.00443514 0.999784 6.9788 3.53947 -3.83154
FixedParameters: 0 0 0

#Transform 192
Transform: AffineTransform_float_3_3
Parameters: 0.999626 0.0192527 -0.0194469 -0.0193783 0.999792 -0.00632852 0.0193211 0.00670249 0.999791 7.1579 3.85924 -2.76457
FixedParameters: 0 0 0

#Transform 193
Transform: AffineTransform_float_3_3
