#Insight Transform File V1.0
#Transform 0
Transform: AffineTransform_float_3_3
Parameters: 0.999999 -0.000608964 -0.00036106 0.000609035 1 9.87801e-05 0.00036094 -9.92198e-05 1 -0.194329 -0.122485 -0.0405625
FixedParameters: 0 0 0

#Transform 1
Transform: AffineTransform_float_3_3
Parameters: 0.999998 -0.00146277 -0.000705476 0.00146323 0.999999 0.000324968 0.000705523 -0.000326032 0.999999 -0.395939 -0.330722 -0.23637
FixedParameters: 0 0 0

#Transform 2
Transform: AffineTransform_float_3_3
Parameters: 1 -0.000213045 -0.00011892 0.000212955 1 -0.000376025 0.00011908 0.000375975 1 -0.0897346 0.0404337 0.0914354
FixedParameters: 0 0 0

#Transform 3
Transform: AffineTransform_float_3_3
Parameters: 1 -0.000103037 -0.000118968 0.000102963 1 -0.000313012 0.000119032 0.000312988 1 -0.0750816 0.0069339 0.0882944
FixedParameters: 0 0 0

#Transform 4
Transform: AffineTransform_float_3_3
Parameters: 0.999999 -0.00124217 0.000166741 0.00124183 0.999998 0.00101421 -0.000167259 -0.00101379 1 -0.421719 -0.362934 -0.254012
FixedParameters: 0 0 0

#Transform 5
Transform: AffineTransform_float_3_3
Parameters: 1 -0.000983074 0.000350795 0.000982927 0.999999 0.000209345 -0.000351206 -0.000209655 1 -0.385335 -0.313677 0.0965719
FixedParameters: 0 0 0

#Transform 6
Transform: AffineTransform_float_3_3
Parameters: 0.999999 -0.000982894 0.000138751 0.000983106 0.999999 -0.000763864 -0.000138249 0.000764136 0.999999 -0.330448 -0.0538741 0.354444
FixedParameters: 0 0 0

#Transform 7
Transform: AffineTransform_float_3_3
Parameters: 0.999999 -0.000781993 -9.30523e-05 0.000782006 0.999999 6.69272e-05 9.29475e-05 -6.70727e-05 1 -0.231043 -0.155546 0.0736228
FixedParameters: 0 0 0

#Transform 8
Transform: AffineTransform_float_3_3
Parameters: 1 -0.000570002 -8.69874e-05 0.000569998 1 -2.20496e-05 8.70125e-05 2.19504e-05 1 -0.18435 -0.180113 0.000660056
FixedParameters: 0 0 0

#Transform 9
Transform: AffineTransform_float_3_3
Parameters: 1 -0.00040597 4.12968e-05 0.00040603 0.999999 -0.000730983 -4.07032e-05 0.000731016 0.999999 -0.141798 0.0428036 0.316356
FixedParameters: 0 0 0

#Transform 10
Transform: AffineTransform_float_3_3
Parameters: 1 -0.000594877 -0.000174419 0.000595122 0.999999 0.000703896 0.000173581 -0.000704103 0.999999 -0.179884 -0.227887 -0.240016
FixedParameters: 0 0 0

#Transform 11
Transform: AffineTransform_float_3_3
Parameters: 1 -0.000592029 2.017e-05 0.000591971 0.999999 0.00140201 -2.083e-05 -0.00140199 0.999999 -0.200292 -0.33219 -0.353268
FixedParameters: 0 0 0

#Transform 12
Transform: AffineTransform_float_3_3
Parameters: 1 -0.000368015 2.27637e-05 0.000367986 0.999999 0.000642008 -2.22362e-05 -0.000641992 1 -0.133975 -0.121861 -0.154518
FixedParameters: 0 0 0

#Transform 13
Transform: AffineTransform_float_3_3
Parameters: 0.999999 -0.00086998 -4.63627e-05 0.000870018 0.999999 0.00041696 4.56372e-05 -0.00041704 1 -0.288749 -0.280704 -0.0763768
FixedParameters: 0 0 0

#Transform 14
Transform: AffineTransform_float_3_3
Parameters: 0.999999 -0.000869991 -6.34588e-06 0.000870008 0.999999 0.001547 4.6541e-06 -0.001547 0.999999 -0.288677 -0.523255 -0.441929
FixedParameters: 0 0 0

#Transform 15
Transform: AffineTransform_float_3_3
Parameters: 0.999999 -0.000870238 0.000227088 0.000870761 0.999999 0.0010482 -0.000227913 -0.0010488 1 -0.302401 -0.255426 -0.159554
FixedParameters: 0 0 0

#Transform 16
Transform: AffineTransform_float_3_3
Parameters: 0.999999 -0.00086985 -0.00050026 0.000870149 0.999999 0.000298565 0.000499739 -0.000299435 1 -0.197146 -0.248848 -0.153444
FixedParameters: 0 0 0

#Transform 17
Transform: AffineTransform_float_3_3
Parameters: 1 -0.000488152 -0.000499851 0.000487847 1 -0.000305244 0.000500149 0.000304756 1 -0.0634024 -0.0320368 -0.0529366
FixedParameters: 0 0 0

#Transform 18
Transform: AffineTransform_float_3_3
Parameters: 1 -0.00041599 0.000126033 0.00041601 1 -7.99476e-05 -0.000125967 8.00524e-05 1 -0.125948 -0.126344 0.11114
FixedParameters: 0 0 0

#Transform 19
Transform: AffineTransform_float_3_3
Parameters: 1 0.000480937 8.23698e-05 -0.000480063 0.999999 0.00076896 -8.26308e-05 -0.000769039 0.999999 0.14033 -0.134258 -0.194893
FixedParameters: 0 0 0

#Transform 20
Transform: AffineTransform_float_3_3
Parameters: 1 -7.70181e-05 0.000182992 7.69819e-05 1 9.90141e-05 -0.000183008 -9.89859e-05 1 -0.0490532 -0.0495766 0.00783138
FixedParameters: 0 0 0

#Transform 21
Transform: AffineTransform_float_3_3
Parameters: 0.999999 0.000914186 0.000182068 -0.000913814 0.999999 -0.00102017 -0.000182933 0.00102083 1 0.258308 0.296834 0.364823
FixedParameters: 0 0 0

#Transform 22
Transform: AffineTransform_float_3_3
Parameters: 1 5.69627e-05 0.000183012 -5.70373e-05 1 0.00020399 -0.000182988 -0.00020401 1 -0.0143219 0.0479624 -0.0684576
FixedParameters: 0 0 0

#Transform 23
Transform: AffineTransform_float_3_3
Parameters: 1 -0.000349969 0.000183059 0.000350031 1 -0.000169936 -0.00018294 0.000170064 1 -0.121655 -0.0597212 0.0376222
FixedParameters: 0 0 0

#Transform 24
Transform: AffineTransform_float_3_3
Parameters: 1 0.000366863 0.000529094 -0.000367136 1 0.000257806 -0.000528905 -0.000258194 1 0.0266605 -0.0173298 -0.0345949
FixedParameters: 0 0 0

#Transform 25
Transform: AffineTransform_float_3_3
Parameters: 1 4.32436e-05 0.000536061 -4.37562e-05 0.999999 0.00141098 -0.000535939 -0.00141102 0.999999 -0.0918916 -0.14701 -0.319924
FixedParameters: 0 0 0

#Transform 26
Transform: AffineTransform_float_3_3
Parameters: 1 -9.50289e-05 0.000635847 9.39708e-05 0.999998 0.00161806 -0.000636152 -0.00161794 0.999998 -0.132468 -0.329774 -0.369775
FixedParameters: 0 0 0

#Transform 27
Transform: AffineTransform_float_3_3
Parameters: 0.999999 -0.00024195 0.000762015 0.00024205 1 -6.58156e-05 -0.000762984 6.61846e-05 0.999999 -0.200544 -2.2295e-05 0.138377
FixedParameters: 0 0 0

#Transform 28
Transform: AffineTransform_float_3_3
Parameters: 0.999999 -0.000159286 0.00076215 0.000159715 0.999999 -0.000936878 -0.000762851 0.000937122 1 -0.157408 0.106601 0.393381
FixedParameters: 0 0 0

#Transform 29
Transform: AffineTransform_float_3_3
Parameters: 0.999999 -0.000221989 0.000762295 0.000223011 0.999999 -0.00132583 -0.000762705 0.00132617 0.999999 -0.154054 0.187143 0.494279
FixedParameters: 0 0 0

#Transform 30
Transform: AffineTransform_float_3_3
Parameters: 0.999999 -0.000391612 0.000762714 0.000393388 0.999999 -0.0018197 -0.000762285 0.0018203 0.999998 -0.237167 0.206379 0.666369
FixedParameters: 0 0 0

#Transform 31
Transform: AffineTransform_float_3_3
Parameters: 0.999999 -0.000440794 0.000690771 0.000441206 0.999999 -0.0017467 -0.00069023 0.00174731 0.999998 -0.21945 0.224444 0.591333
FixedParameters: 0 0 0

#Transform 32
Transform: AffineTransform_float_3_3
Parameters: 0.999999 -0.000105865 0.000713169 0.000107135 0.999998 -0.00159192 -0.00071283 0.00159207 0.999998 -0.136215 0.162507 0.568076
FixedParameters: 0 0 0

#Transform 33
Transform: AffineTransform_float_3_3
Parameters: 0.999999 -7.44545e-05 0.000776956 7.45454e-05 1 0.000585058 -0.000777043 -0.000584942 0.999999 -0.140439 -0.123627 -0.121058
FixedParameters: 0 0 0

#Transform 34
Transform: AffineTransform_float_3_3
Parameters: 1 -0.000592784 0.000360715 0.000591216 0.999998 0.00216821 -0.000362283 -0.00216879 0.999997 -0.245123 -0.442855 -0.605824
FixedParameters: 0 0 0

#Transform 35
Transform: AffineTransform_float_3_3
Parameters: 1 -5.49491e-05 -9.50295e-05 5.40509e-05 1 0.000535995 9.4971e-05 -0.000536005 1 -0.0305726 -0.0272846 -0.22798
FixedParameters: 0 0 0

#Transform 36
Transform: AffineTransform_float_3_3
Parameters: 1 -0.00028091 -0.000129195 0.00028109 0.999999 0.000694963 0.000129805 -0.000695036 1 -0.107348 -0.142993 -0.344364
FixedParameters: 0 0 0

#Transform 37
Transform: AffineTransform_float_3_3
Parameters: 1 0.000118991 -0.000130009 -0.000119009 1 -7.19845e-05 0.000129991 7.20155e-05 1 0.0116021 0.100694 -0.0750407
FixedParameters: 0 0 0

#Transform 38
Transform: AffineTransform_float_3_3
Parameters: 1 0.000282747 -0.000215333 -0.000283254 1 -0.00117594 0.000215667 0.00117506 1 0.0696584 0.280825 0.221101
FixedParameters: 0 0 0

#Transform 39
Transform: AffineTransform_float_3_3
Parameters: 0.999999 0.000833907 -7.30624e-05 -0.000834092 0.999999 -0.00127394 7.19374e-05 0.00127406 0.999999 0.230155 0.368501 0.264754
FixedParameters: 0 0 0

#Transform 40
Transform: AffineTransform_float_3_3
Parameters: 0.999999 0.000833877 -7.34068e-05 -0.000834124 0.999998 -0.00168694 7.25937e-05 0.00168606 0.999998 0.224098 0.459898 0.419824
FixedParameters: 0 0 0

#Transform 41
Transform: AffineTransform_float_3_3
Parameters: 1 0.000245987 -7.2045e-05 -0.000246013 1 -0.000182982 7.1955e-05 0.000183018 1 0.0344749 0.089269 -0.0791449
FixedParameters: 0 0 0

#Transform 42
Transform: AffineTransform_float_3_3
Parameters: 1 3.79516e-05 -7.20255e-05 -3.80484e-05 1 -0.000671997 7.19744e-05 0.000672002 1 -0.00757599 0.154629 0.0600248
FixedParameters: 0 0 0

#Transform 43
Transform: AffineTransform_float_3_3
Parameters: 1 0.000470947 -7.23419e-05 -0.000471053 0.999999 -0.000725966 7.2658e-05 0.000726034 0.999999 0.110838 0.248781 0.133747
FixedParameters: 0 0 0

#Transform 44
Transform: AffineTransform_float_3_3
Parameters: 1 0.000212014 0.000425993 -0.000211986 1 -3.30903e-05 -0.000426007 3.39097e-05 1 -0.0462393 0.0609284 0.00119908
FixedParameters: 0 0 0

#Transform 45
Transform: AffineTransform_float_3_3
Parameters: 1 0.00013303 0.000147973 -0.00013297 1 -0.00020102 -0.000148027 0.00020098 1 0.0052128 0.109572 -0.0388208
FixedParameters: 0 0 0

#Transform 46
Transform: AffineTransform_float_3_3
Parameters: 1 -0.000725435 0.000968928 0.000724565 0.999998 0.0014807 -0.000970075 -0.0014803 0.999999 -0.403407 -0.447852 -0.320248
FixedParameters: 0 0 0

#Transform 47
Transform: AffineTransform_float_3_3
Parameters: 0.999999 -0.000322876 0.000839047 0.000323124 1 -0.000147729 -0.000838951 0.000148271 0.999999 -0.235453 0.0389857 0.0748648
FixedParameters: 0 0 0

#Transform 48
Transform: AffineTransform_float_3_3
Parameters: 0.999999 -0.000986598 0.000976388 0.000984401 0.999998 0.00163596 -0.000978612 -0.00163504 0.999998 -0.45483 -0.489873 -0.365839
FixedParameters: 0 0 0

#Transform 49
Transform: AffineTransform_float_3_3
Parameters: 0.999999 -0.000328548 0.000759763 0.000327451 0.999999 0.000722249 -0.000760237 -0.000721751 1 -0.240277 -0.178951 -0.20387
FixedParameters: 0 0 0

#Transform 50
Transform: AffineTransform_float_3_3
Parameters: 0.999999 -0.00080521 0.000158936 0.000805789 0.999999 0.00132213 -0.000160065 -0.00132187 0.999999 -0.296447 -0.353661 -0.451529
FixedParameters: 0 0 0

#Transform 51
Transform: AffineTransform_float_3_3
Parameters: 0.999999 -0.000806063 0.000637658 0.000804937 0.999999 0.00166652 -0.000638342 -0.00166549 0.999999 -0.365814 -0.306622 -0.362502
FixedParameters: 0 0 0

#Transform 52
Transform: AffineTransform_float_3_3
Parameters: 1 -0.000182389 0.000638889 0.000181611 1 0.000609116 -0.00063811 -0.000608883 0.999999 -0.181165 -0.112251 -0.160425
FixedParameters: 0 0 0

#Transform 53
Transform: AffineTransform_float_3_3
Parameters: 1 0.000116797 0.000228104 -0.000117203 0.999999 0.000890973 -0.000227896 -0.000891026 0.999999 -0.0420039 -0.0680648 -0.347598
FixedParameters: 0 0 0

#Transform 54
Transform: AffineTransform_float_3_3
Parameters: 1 0.000116781 0.00063904 -0.000117218 1 0.000341925 -0.00063896 -0.000342075 0.999999 -0.101327 0.00855542 -0.141467
FixedParameters: 0 0 0

#Transform 55
Transform: AffineTransform_float_3_3
Parameters: 1 0.000117055 0.00063899 -0.000116945 1 -8.60747e-05 -0.00063901 8.59252e-05 1 -0.0643815 0.107179 0.0251511
FixedParameters: 0 0 0

#Transform 56
Transform: AffineTransform_float_3_3
Parameters: 1 -0.000457061 0.000331916 0.000456939 1 0.000183152 -0.000332084 -0.000182848 1 -0.226262 -0.097725 -0.0882613
FixedParameters: 0 0 0

#Transform 57
Transform: AffineTransform_float_3_3
Parameters: 1 -0.00045754 0.000316219 0.00045746 0.999998 0.00170714 -0.000316781 -0.00170685 0.999998 -0.232501 -0.409626 -0.591423
FixedParameters: 0 0 0

#Transform 58
Transform: AffineTransform_float_3_3
Parameters: 1 -0.000105221 0.000611962 0.000104779 1 0.000361064 -0.000612038 -0.000360936 0.999999 -0.16412 -0.0460885 -0.166586
FixedParameters: 0 0 0

#Transform 59
Transform: AffineTransform_float_3_3
Parameters: 1 0.000234001 8.39984e-05 -0.000233999 1 -7.01966e-06 -8.40016e-05 6.98034e-06 1 -0.00303624 0.105717 -0.134939
FixedParameters: 0 0 0

#Transform 60
Transform: AffineTransform_float_3_3
Parameters: 1 -7.40106e-05 0.000150995 7.39894e-05 1 7.00112e-05 -0.000151005 -6.99888e-05 1 -0.0796377 -0.0303318 -0.123469
FixedParameters: 0 0 0

#Transform 61
Transform: AffineTransform_float_3_3
Parameters: 1 0.000227992 -3.20547e-05 -0.000228008 1 -0.000239993 3.19453e-05 0.000240007 1 0.0375695 0.113351 -0.0310234
FixedParameters: 0 0 0

#Transform 62
Transform: AffineTransform_float_3_3
Parameters: 1 -0.000380008 -3.19088e-05 0.000379992 1 -0.000240012 3.20912e-05 0.000239988 1 -0.170319 -0.0171124 -0.00530939
FixedParameters: 0 0 0

#Transform 63
Transform: AffineTransform_float_3_3
Parameters: 1 -0.000172977 -3.21244e-05 0.000173023 0.999999 0.000718994 3.18756e-05 -0.000719005 0.999999 -0.102326 -0.0657806 -0.358323
FixedParameters: 0 0 0

#Transform 64
Transform: AffineTransform_float_3_3
Parameters: 1 -0.000172946 -3.22914e-05 0.000173054 0.999998 0.00168499 3.17084e-05 -0.001685 0.999998 -0.102282 -0.246243 -0.669323
FixedParameters: 0 0 0

#Transform 65
Transform: AffineTransform_float_3_3
Parameters: 1 5.1038e-05 -3.19394e-05 -5.0962e-05 1 0.001188 3.20606e-05 -0.001188 1 -0.0222158 -0.221124 -0.4471
FixedParameters: 0 0 0

#Transform 66
Transform: AffineTransform_float_3_3
Parameters: 0.999999 -0.000115724 0.000797609 0.000113278 0.999994 0.00341409 -0.000797391 -0.00341391 0.999994 -0.203218 -0.579741 -0.94305
FixedParameters: 0 0 0

#Transform 67
Transform: AffineTransform_float_3_3
Parameters: 1 -0.000113476 0.000357849 0.000112523 0.999999 0.00133104 -0.00035815 -0.00133096 0.999999 -0.139182 -0.163492 -0.476585
FixedParameters: 0 0 0

#Transform 68
Transform: AffineTransform_float_3_3
Parameters: 1 0.000114076 -4.68159e-05 -0.000113924 0.999998 0.001614 4.71839e-05 -0.00161399 0.999998 -0.0249896 -0.159971 -0.64998
FixedParameters: 0 0 0

#Transform 69
Transform: AffineTransform_float_3_3
Parameters: 1 -0.000385784 0.000357155 0.000385216 0.999997 0.00219214 -0.000357845 -0.00219186 0.999997 -0.261477 -0.380847 -0.802618
FixedParameters: 0 0 0

#Transform 70
Transform: AffineTransform_float_3_3
Parameters: 1 -0.00038527 0.000149306 0.000384729 0.999999 0.00180306 -0.000150694 -0.00180294 0.999999 -0.213464 -0.27958 -0.753054
FixedParameters: 0 0 0

#Transform 71
Transform: AffineTransform_float_3_3
Parameters: 1 0.00031113 -8.55275e-05 -0.000311869 0.999999 0.00151903 8.64738e-05 -0.00151897 0.999999 0.0655018 -0.057912 -0.618535
FixedParameters: 0 0 0

#Transform 72
Transform: AffineTransform_float_3_3
Parameters: 0.999999 -0.00062564 0.00110007 0.000624359 0.999998 0.00149169 -0.00110093 -0.00149031 0.999999 -0.350766 -0.131122 -0.54732
FixedParameters: 0 0 0

#Transform 73
Transform: AffineTransform_float_3_3
Parameters: 1 -0.000522534 0.00025089 0.000521467 0.999997 0.00212613 -0.000251109 -0.00212587 0.999997 -0.22503 -0.478739 -0.839342
FixedParameters: 0 0 0

#Transform 74
Transform: AffineTransform_float_3_3
Parameters: 1 -0.00101314 0.000153095 0.00101286 0.999999 0.000893155 -0.000153904 -0.000892844 0.999999 -0.392831 -0.374047 -0.447481
FixedParameters: 0 0 0

#Transform 75
Transform: AffineTransform_float_3_3
Parameters: 0.999999 -0.000686167 0.000251543 0.000686832 0.999999 0.000666172 -0.000251457 -0.000665827 0.999999 -0.307987 -0.18929 -0.296657
FixedParameters: 0 0 0

#Transform 76
Transform: AffineTransform_float_3_3
Parameters: 1 -0.000598011 3.38038e-05 0.000597989 1 0.00032802 -3.41961e-05 -0.00032798 1 -0.247599 -0.112314 -0.246515
FixedParameters: 0 0 0

#Transform 77
Transform: AffineTransform_float_3_3
Parameters: 0.999999 -0.000779874 0.000476572 0.000779124 0.999998 0.00183237 -0.000478428 -0.00183163 0.999998 -0.375866 -0.46678 -0.646542
FixedParameters: 0 0 0

#Transform 78
Transform: AffineTransform_float_3_3
Parameters: 1 -0.000531952 0.000321428 0.000531048 0.999995 0.00295717 -0.000322571 -0.00295683 0.999995 -0.286631 -0.5174 -0.835877
FixedParameters: 0 0 0

#Transform 79
Transform: AffineTransform_float_3_3
Parameters: 1 -0.00042078 -0.000126733 0.000421219 0.999999 0.00174195 0.000125266 -0.00174205 0.999998 -0.202413 -0.344127 -0.709077
FixedParameters: 0 0 0

#Transform 80
Transform: AffineTransform_float_3_3
Parameters: 1 -8.78934e-05 -7.11319e-05 8.71064e-05 0.999999 0.00149999 7.08694e-05 -0.00150001 0.999999 -0.0891925 -0.186049 -0.585719
FixedParameters: 0 0 0

#Transform 81
Transform: AffineTransform_float_3_3
Parameters: 1 -8.83385e-05 0.000166821 8.76611e-05 0.999998 0.00202801 -0.000167178 -0.00202799 0.999998 -0.153546 -0.400773 -0.760392
FixedParameters: 0 0 0

#Transform 82
Transform: AffineTransform_float_3_3
Parameters: 0.999999 0.000350246 0.000622425 -0.000350754 0.999999 0.00121178 -0.000621575 -0.00121222 0.999999 -0.0573952 -0.0742903 -0.333492
FixedParameters: 0 0 0

#Transform 83
Transform: AffineTransform_float_3_3
Parameters: 1 -0.000651835 -0.000140767 0.000651165 0.999999 0.00117591 0.000140234 -0.00117609 1 -0.261983 -0.297451 -0.561559
FixedParameters: 0 0 0

#Transform 84
Transform: AffineTransform_float_3_3
Parameters: 1 -0.000124993 -1.40649e-05 0.000125007 1 0.000518998 1.39351e-05 -0.000519002 1 -0.139136 -0.176893 -0.352991
FixedParameters: 0 0 0

#Transform 85
Transform: AffineTransform_float_3_3
Parameters: 1 -0.000115668 -0.000335115 0.000115332 0.999999 0.000989961 0.000334886 -0.000990039 1 -0.0896346 -0.131246 -0.554042
FixedParameters: 0 0 0

#Transform 86
Transform: AffineTransform_float_3_3
Parameters: 1 0.000128362 -0.000370875 -0.000128638 0.999999 0.000975048 0.000371126 -0.000974952 1 -0.0296628 -0.0480892 -0.527291
FixedParameters: 0 0 0

#Transform 87
Transform: AffineTransform_float_3_3
Parameters: 1 6.43516e-05 -0.000293923 -6.36483e-05 1 0.00119602 0.000294076 -0.00119598 0.999999 -0.0572518 -0.133104 -0.60639
FixedParameters: 0 0 0

#Transform 88
Transform: AffineTransform_float_3_3
Parameters: 1 0.000410877 0.000114443 -0.000411123 1 0.00107795 -0.000113557 -0.00107805 1 -0.00940579 -0.0188466 -0.487518
FixedParameters: 0 0 0

#Transform 89
Transform: AffineTransform_float_3_3
Parameters: 1 0.000411168 -0.000329791 -0.000410832 1 0.000509135 0.000329209 -0.000508865 1 0.0468762 0.100275 -0.38006
FixedParameters: 0 0 0

#Transform 90
Transform: AffineTransform_float_3_3
Parameters: 1 0.000411712 -0.000481392 -0.000411288 0.999999 0.0014782 0.000481608 -0.0014778 0.999999 0.0586108 -0.113988 -0.730038
FixedParameters: 0 0 0

#Transform 91
Transform: AffineTransform_float_3_3
Parameters: 1 0.000347647 -0.000441491 -0.000347352 0.999999 0.00146415 0.000442509 -0.00146385 0.999999 0.0351362 -0.0812915 -0.733862
FixedParameters: 0 0 0

#Transform 92
Transform: AffineTransform_float_3_3
Parameters: 1 -8.46074e-05 -0.000331101 8.43925e-05 1 0.00118597 0.0003309 -0.00118603 0.999999 -0.0883264 -0.113998 -0.597937
FixedParameters: 0 0 0

#Transform 93
Transform: AffineTransform_float_3_3
Parameters: 1 -0.000311149 0.000113594 0.000310852 0.999999 0.00130504 -0.000113406 -0.00130497 0.999999 -0.173916 -0.239552 -0.478628
FixedParameters: 0 0 0

#Transform 94
Transform: AffineTransform_float_3_3
Parameters: 1 -0.000205026 0.000113953 0.000204974 1 0.000228023 -0.000113047 -0.000227977 1 -0.139199 -0.0203888 -0.229808
FixedParameters: 0 0 0

#Transform 95
Transform: AffineTransform_float_3_3
Parameters: 1 -0.000366997 0.000536002 0.000367003 1 -5.80329e-06 -0.000535998 6.19671e-06 1 -0.253222 0.0225074 0.00774374
FixedParameters: 0 0 0

#Transform 96
Transform: AffineTransform_float_3_3
Parameters: 1 -0.000379991 -0.000132024 0.000380008 1 6.39498e-05 0.000131976 -6.40501e-05 1 -0.161071 -0.0432751 -0.195048
FixedParameters: 0 0 0

#Transform 97
Transform: AffineTransform_float_3_3
Parameters: 1 -6.01476e-05 -0.00044598 5.98524e-05 1 -0.000331027 0.00044602 0.000330973 1 -0.0164965 0.080889 -0.14388
FixedParameters: 0 0 0

#Transform 98
Transform: AffineTransform_float_3_3
Parameters: 1 1.99834e-05 -0.000553 -2.00166e-05 1 -2.99889e-05 0.000552999 3.00111e-05 1 0.0191845 0.100861 -0.330941
FixedParameters: 0 0 0

#Transform 99
Transform: AffineTransform_float_3_3
Parameters: 1 2.0318e-05 -0.000552988 -2.0682e-05 1 0.000575011 0.000553012 -0.000574989 0.999999 0.018945 0.0134625 -0.548387
FixedParameters: 0 0 0

#Transform 100
Transform: AffineTransform_float_3_3
Parameters: 1 -4.58081e-05 -0.000339026 4.61919e-05 1 0.000565984 0.000338974 -0.000566015 1 -0.040902 -0.021571 -0.542664
FixedParameters: 0 0 0

#Transform 101
Transform: AffineTransform_float_3_3
Parameters: 1 -8.39229e-05 -0.000497013 8.4077e-05 1 0.000154958 0.000496987 -0.000155042 1 -0.0289643 0.0679201 -0.405362
FixedParameters: 0 0 0

#Transform 102
Transform: AffineTransform_float_3_3
Parameters: 1 -5.57855e-05 -0.000375032 5.62145e-05 1 0.000571979 0.000374968 -0.000572021 1 -0.0334809 -0.0525698 -0.514146
FixedParameters: 0 0 0

#Transform 103
Transform: AffineTransform_float_3_3
Parameters: 1 -0.00024275 -0.000398153 0.00024325 1 0.000628903 0.000397847 -0.000629096 0.999999 -0.0804074 -0.0602169 -0.514906
FixedParameters: 0 0 0

#Transform 104
Transform: AffineTransform_float_3_3
Parameters: 1 -0.000129801 -0.000317082 0.000130199 1 0.000628958 0.000316918 -0.000629041 1 -0.0420775 -0.0224588 -0.420325
FixedParameters: 0 0 0

#Transform 105
Transform: AffineTransform_float_3_3
Parameters: 1 -0.000129924 -0.000398025 0.000130076 1 0.000189948 0.000397975 -0.000190052 1 -0.0174561 -0.00918049 -0.3364
FixedParameters: 0 0 0

#Transform 106
Transform: AffineTransform_float_3_3
Parameters: 1 -0.000170032 -0.000397986 0.000169968 1 -8.00676e-05 0.000397014 7.99325e-05 1 -0.0603601 0.0633203 -0.269077
FixedParameters: 0 0 0

#Transform 107
Transform: AffineTransform_float_3_3
Parameters: 1 -5.07886e-05 -0.000398027 5.12113e-05 1 0.000530979 0.000397973 -0.00053102 1 -0.021216 0.0126306 -0.443309
FixedParameters: 0 0 0

#Transform 108
Transform: AffineTransform_float_3_3
Parameters: 1 0.000498168 -0.000397789 -0.000497831 1 0.000424198 0.000397211 -0.000423802 1 0.159034 0.132559 -0.362685
FixedParameters: 0 0 0

#Transform 109
Transform: AffineTransform_float_3_3
Parameters: 1 0.000517205 -0.000397733 -0.000517795 0.999999 0.000515206 0.000397267 -0.000515794 1 0.161655 0.135779 -0.423252
FixedParameters: 0 0 0

#Transform 110
Transform: AffineTransform_float_3_3
Parameters: 1 0.00024719 -0.00016772 -0.00024681 1 0.00113304 0.00016828 -0.00113296 1 0.0283318 -0.101503 -0.65469
FixedParameters: 0 0 0

#Transform 111
Transform: AffineTransform_float_3_3
Parameters: 1 0.00041418 -0.000217657 -0.000413819 0.999999 0.00082909 0.000218343 -0.000828909 0.999999 0.0996416 0.0399369 -0.567971
FixedParameters: 0 0 0

#Transform 112
Transform: AffineTransform_float_3_3
Parameters: 1 -0.000235958 -0.000218046 0.000236042 1 0.000193949 0.000217954 -0.000194051 1 -0.0894412 -0.0471603 -0.386535
FixedParameters: 0 0 0

#Transform 113
Transform: AffineTransform_float_3_3
Parameters: 0.999999 -0.000267601 0.000676158 0.000268399 1 -0.000589818 -0.000676841 0.000590181 0.999999 -0.229476 0.122856 0.0634284
FixedParameters: 0 0 0

#Transform 114
Transform: AffineTransform_float_3_3
Parameters: 1 -0.000169983 0.000121024 0.000170017 1 -0.000142979 -0.000120976 0.000143021 1 -0.135336 0.0929016 -0.256034
FixedParameters: 0 0 0

#Transform 115
Transform: AffineTransform_float_3_3
Parameters: 0.999999 0.000677137 -0.000323712 -0.000676862 0.999999 0.000425219 0.000324287 -0.00042478 1 0.162149 0.0749429 -0.59732
FixedParameters: 0 0 0

#Transform 116
Transform: AffineTransform_float_3_3
Parameters: 1 8.51923e-05 -0.000287943 -8.48076e-05 1 0.000668024 0.000288057 -0.000667975 0.999999 0.00104681 -0.0966249 -0.63144
FixedParameters: 0 0 0

#Transform 117
Transform: AffineTransform_float_3_3
Parameters: 1 0.000170073 6.78172e-05 -0.000169927 1 -0.00107501 -6.81827e-05 0.00107499 1 -0.0114753 0.336929 -0.0124912
FixedParameters: 0 0 0

#Transform 118
Transform: AffineTransform_float_3_3
Parameters: 1 0.000365008 -0.000597995 -0.000364991 1 1.42183e-05 0.000598005 -1.37817e-05 1 0.12989 0.0636839 -0.468128
FixedParameters: 0 0 0

#Transform 119
Transform: AffineTransform_float_3_3
Parameters: 1 0.000275072 -0.000631534 -0.000273927 0.999998 0.00169717 0.000632466 -0.00169683 0.999999 0.105237 -0.0577362 -0.898682
FixedParameters: 0 0 0

#Transform 120
Transform: AffineTransform_float_3_3
Parameters: 0.999999 0.00043995 -0.000663033 -0.00044005 1 -7.57082e-05 0.000662967 7.52917e-05 1 0.147741 0.185481 -0.448119
FixedParameters: 0 0 0

#Transform 121
Transform: AffineTransform_float_3_3
Parameters: 1 0.000678 -0.000829001 -0.000678001 1 -4.37937e-07 0.000829 5.62062e-07 0.999999 0.248525 0.238527 -0.527072
FixedParameters: 0 0 0

#Transform 122
Transform: AffineTransform_float_3_3
Parameters: 1 0.000533827 -0.000251368 -0.000534172 0.999999 -0.000688865 0.000250632 0.000689133 0.999999 0.130279 0.256648 -0.194719
FixedParameters: 0 0 0

#Transform 123
Transform: AffineTransform_float_3_3
Parameters: 0.999999 0.000622037 -0.000670965 -0.000621962 1 5.64173e-05 0.000671034 -5.55826e-05 1 0.199342 0.206436 -0.540992
FixedParameters: 0 0 0

#Transform 124
Transform: AffineTransform_float_3_3
Parameters: 0.999999 0.000592415 -0.000671517 -0.000592586 1 -0.000871603 0.000671483 0.000872399 1 0.197753 0.329772 -0.19038
FixedParameters: 0 0 0

#Transform 125
Transform: AffineTransform_float_3_3
Parameters: 0.999999 0.000468583 -0.000671291 -0.000468417 0.999999 -0.000621685 0.000670709 0.000621314 0.999999 0.17465 0.264862 -0.29596
FixedParameters: 0 0 0

#Transform 126
Transform: AffineTransform_float_3_3
Parameters: 1 0.000205264 -0.000671226 -0.000205736 1 -0.00109686 0.000670775 0.00109714 0.999999 0.105294 0.317734 -0.122908
FixedParameters: 0 0 0

#Transform 127
Transform: AffineTransform_float_3_3
Parameters: 0.999999 -0.000251773 -0.000671461 0.000253228 0.999999 0.00182783 0.000671538 -0.00182817 0.999998 -0.0449106 -0.341352 -1.0045
FixedParameters: 0 0 0

#Transform 128
Transform: AffineTransform_float_3_3
Parameters: 1 -0.000214092 -0.000644969 0.000213908 1 -0.000143138 0.00064503 0.000142862 1 -0.0465153 0.0864095 -0.42994
FixedParameters: 0 0 0

#Transform 129
Transform: AffineTransform_float_3_3
Parameters: 0.999999 -7.69763e-05 -0.000874001 7.70235e-05 1 2.69327e-05 0.000873997 -2.70673e-05 0.999999 0.024854 0.05976 -0.540826
FixedParameters: 0 0 0

#Transform 130
Transform: AffineTransform_float_3_3
Parameters: 1 -0.000133515 -0.00104206 0.000133484 1 0.000464861 0.00104194 -0.000465139 1 -0.000249687 -0.0396085 -0.683826
FixedParameters: 0 0 0

#Transform 131
Transform: AffineTransform_float_3_3
Parameters: 1 0.000495627 -0.000477349 -0.000494373 0.999999 0.00131324 0.000477649 -0.00131276 0.999999 0.154969 -0.0386813 -0.776789
FixedParameters: 0 0 0

#Transform 132
Transform: AffineTransform_float_3_3
Parameters: 1 -7.45037e-05 -0.00101704 7.54963e-05 1 0.000487924 0.00101696 -0.000488076 1 0.0356327 -0.0314648 -0.653811
FixedParameters: 0 0 0

#Transform 133
Transform: AffineTransform_float_3_3
Parameters: 1 -4.7414e-05 -0.00115802 4.85859e-05 1 0.000505944 0.00115798 -0.000506055 0.999999 0.0622789 0.0237529 -0.752221
FixedParameters: 0 0 0

#Transform 134
Transform: AffineTransform_float_3_3
Parameters: 0.999999 0.000254619 -0.00122387 -0.00025338 1 0.00050631 0.00122413 -0.000505689 0.999999 0.153542 0.134714 -0.786588
FixedParameters: 0 0 0

#Transform 135
Transform: AffineTransform_float_3_3
Parameters: 0.999999 0.000847309 -0.00101374 -0.00084769 0.999999 0.00030586 0.00101426 -0.000304141 1 0.291239 0.237959 -0.707459
FixedParameters: 0 0 0

#Transform 136
Transform: AffineTransform_float_3_3
Parameters: 0.999999 0.000836113 -0.00159999 -0.000837887 0.999999 -0.00117866 0.00159901 0.00118034 0.999998 0.35343 0.422573 -0.384431
FixedParameters: 0 0 0

#Transform 137
Transform: AffineTransform_float_3_3
Parameters: 1 0.000348631 -0.00101447 -0.00035037 0.999999 -0.00134964 0.00101453 0.00135035 0.999998 0.14363 0.370491 -0.203607
FixedParameters: 0 0 0

#Transform 138
Transform: AffineTransform_float_3_3
Parameters: 1 -0.000186412 0.000485226 0.000186589 0.999999 -0.00121191 -0.000485774 0.00121209 0.999999 -0.18746 0.127871 -0.0305039
FixedParameters: 0 0 0

#Transform 139
Transform: AffineTransform_float_3_3
Parameters: 1 -0.000494032 -5.06892e-05 0.000493968 0.999999 -0.000629025 5.03107e-05 0.000628975 1 -0.211012 0.123824 -0.375868
FixedParameters: 0 0 0

#Transform 140
Transform: AffineTransform_float_3_3
Parameters: 1 -0.00107764 -0.000518666 0.00107636 0.999998 -0.00123856 0.000520334 0.00123844 0.999999 -0.298422 -0.000641362 -0.229518
FixedParameters: 0 0 0

#Transform 141
Transform: AffineTransform_float_3_3
Parameters: 1 -0.00103196 0.000119348 0.00103204 1 -0.000336877 -0.000118652 0.000337123 1 -0.356262 -0.0749204 -0.31517
FixedParameters: 0 0 0

#Transform 142
Transform: AffineTransform_float_3_3
Parameters: 1 -0.00103257 -0.000540923 0.00103144 0.999999 -0.00104356 0.000541077 0.00104344 1 -0.290666 0.0806702 -0.1375
FixedParameters: 0 0 0

#Transform 143
Transform: AffineTransform_float_3_3
Parameters: 1 -0.000824849 -0.000611857 0.000823151 0.999998 -0.0013865 0.000613142 0.00138649 0.999999 -0.233861 0.122354 -0.131125
FixedParameters: 0 0 0

#Transform 144
Transform: AffineTransform_float_3_3
Parameters: 0.999999 -0.000684009 -0.000540726 0.000682992 0.999998 -0.00186437 0.000541274 0.00186463 0.999998 -0.223395 0.21885 0.0399821
FixedParameters: 0 0 0

#Transform 145
Transform: AffineTransform_float_3_3
Parameters: 1 -0.000259544 -0.000541262 0.000257456 0.999996 -0.00285114 0.000541736 0.00285086 0.999996 -0.10063 0.494379 0.379228
FixedParameters: 0 0 0

#Transform 146
Transform: AffineTransform_float_3_3
Parameters: 1 0.000112832 -0.00049127 -0.000114167 0.999997 -0.00237794 0.00049073 0.00237806 0.999997 0.0417408 0.467714 0.184435
FixedParameters: 0 0 0

#Transform 147
Transform: AffineTransform_float_3_3
Parameters: 1 0.000436998 -1.10517e-06 -0.000437001 0.999996 -0.002529 -1.05176e-07 0.002529 0.999997 0.122398 0.58572 0.34107
FixedParameters: 0 0 0

#Transform 148
Transform: AffineTransform_float_3_3
Parameters: 1 -0.00095323 -0.000417204 0.000951773 0.999995 -0.0029354 0.000419796 0.0029356 0.999995 -0.256392 0.286444 0.294552
FixedParameters: 0 0 0

#Transform 149
Transform: AffineTransform_float_3_3
Parameters: 1 -9.95749e-05 7.35788e-05 0.000100428 0.999983 -0.00579999 -7.34188e-05 0.00580001 0.999983 -0.0721562 0.917623 1.30503
FixedParameters: 0 0 0

#Transform 150
Transform: AffineTransform_float_3_3
Parameters: 1 9.25599e-05 -0.000112364 -9.24387e-05 0.999993 -0.00392299 0.000111638 0.00392301 0.999993 0.0146308 0.731698 0.693241
FixedParameters: 0 0 0

#Transform 151
Transform: AffineTransform_float_3_3
Parameters: 1 0.000448367 -0.000132167 -0.000448632 0.999988 -0.00482894 0.000129835 0.00482906 0.999989 0.128552 0.859925 1.0068
FixedParameters: 0 0 0

#Transform 152
Transform: AffineTransform_float_3_3
Parameters: 1 0.00049126 0.000270726 -0.000489739 0.999989 -0.00463414 -0.000273272 0.00463387 0.999989 0.0761199 0.866251 0.974625
FixedParameters: 0 0 0

#Transform 153
Transform: AffineTransform_float_3_3
Parameters: 1 0.000310905 -2.23604e-05 -0.000310093 0.999991 -0.004375 2.06435e-05 0.00437501 0.999991 0.0592009 0.800026 0.83944
FixedParameters: 0 0 0

#Transform 154
Transform: AffineTransform_float_3_3
Parameters: 1 -0.000247602 0.000109901 0.000247395 0.999994 -0.00363598 -0.000108101 0.00363603 0.999994 -0.122837 0.563014 0.610755
FixedParameters: 0 0 0

#Transform 155
Transform: AffineTransform_float_3_3
Parameters: 1 8.58245e-05 -5.82593e-05 -8.51748e-05 0.999996 -0.00301899 5.77431e-05 0.003019 0.999995 0.00391672 0.590886 0.360891
FixedParameters: 0 0 0

#Transform 156
Transform: AffineTransform_float_3_3
Parameters: 1 -0.000143821 7.83302e-05 0.000144179 0.999998 -0.00229399 -7.76695e-05 0.00229401 0.999998 -0.0917038 0.42176 0.142451
FixedParameters: 0 0 0

#Transform 157
Transform: AffineTransform_float_3_3
Parameters: 1 -0.000356855 5.49523e-05 0.000357146 0.999997 -0.00266798 -5.40473e-05 0.00266802 0.999997 -0.146485 0.446473 0.23362
FixedParameters: 0 0 0

#Transform 158
Transform: AffineTransform_float_3_3
Parameters: 1 -0.000222478 -0.0001764 0.000222524 0.999997 -0.00270204 0.000176602 0.00270196 0.999997 -0.0628035 0.494692 0.199467
FixedParameters: 0 0 0

#Transform 159
Transform: AffineTransform_float_3_3
Parameters: 1 -0.000189713 -0.000457705 0.000189288 0.999999 -0.00155809 0.000457295 0.00155791 0.999998 -0.0285901 0.343491 -0.301972
FixedParameters: 0 0 0

#Transform 160
Transform: AffineTransform_float_3_3
Parameters: 1 -0.000144668 -0.000360733 0.000144332 0.999999 -0.00185105 0.000361268 0.00185095 0.999998 -0.0346233 0.40643 -0.151686
FixedParameters: 0 0 0

#Transform 161
Transform: AffineTransform_float_3_3
Parameters: 1 -3.90042e-06 -0.000457993 3.09956e-06 0.999998 -0.001966 0.000458007 0.001966 0.999998 0.0376739 0.450693 -0.116787
FixedParameters: 0 0 0

#Transform 162
Transform: AffineTransform_float_3_3
Parameters: 1 -0.000340029 -0.000593411 0.00033897 0.999999 -0.0017342 0.000594589 0.0017338 0.999999 -0.0566717 0.363554 -0.274981
FixedParameters: 0 0 0

#Transform 163
Transform: AffineTransform_float_3_3
Parameters: 1 -0.000633289 -0.000146758 0.00063271 0.999998 -0.00196109 0.000148241 0.00196091 0.999998 -0.162476 0.336086 -0.0692749
FixedParameters: 0 0 0

#Transform 164
Transform: AffineTransform_float_3_3
Parameters: 0.999999 -0.000633785 -0.000492991 0.000633214 0.999998 -0.00159231 0.000494008 0.00159169 0.999998 -0.0921871 0.260774 -0.243699
FixedParameters: 0 0 0

#Transform 165
Transform: AffineTransform_float_3_3
Parameters: 1 -0.00038266 0.00017873 0.000383341 0.999998 -0.00190693 -0.000178269 0.00190707 0.999998 -0.100818 0.367327 -0.0180004
FixedParameters: 0 0 0

#Transform 166
Transform: AffineTransform_float_3_3
Parameters: 1 -0.000633343 -0.000158635 0.000633658 0.999998 -0.0021551 0.000159366 0.0021549 0.999997 -0.122405 0.353862 0.00151985
FixedParameters: 0 0 0

#Transform 167
Transform: AffineTransform_float_3_3
Parameters: 0.999999 -0.000705888 7.30829e-05 0.000706111 0.999998 -0.00153395 -7.19176e-05 0.00153305 0.999999 -0.195701 0.231877 -0.178509
FixedParameters: 0 0 0

#Transform 168
Transform: AffineTransform_float_3_3
Parameters: 1 -0.000568467 -0.000252953 0.000567533 0.999998 -0.00184314 0.000254047 0.00184386 0.999999 -0.10347 0.321919 -0.136682
FixedParameters: 0 0 0

#Transform 169
Transform: AffineTransform_float_3_3
Parameters: 1 -0.000343448 -0.000317516 0.000343552 0.999999 -0.00140911 0.000318484 0.00140889 0.999999 -0.020353 0.303475 -0.258103
FixedParameters: 0 0 0

#Transform 170
Transform: AffineTransform_float_3_3
Parameters: 1 -0.000274173 -0.000188749 0.000273828 1 -0.000917052 0.000188251 0.000916949 0.999999 -0.0162256 0.239082 -0.447257
FixedParameters: 0 0 0

#Transform 171
Transform: AffineTransform_float_3_3
Parameters: 1 -0.000211307 -0.000197672 0.000210692 0.999999 -0.00155404 0.000198328 0.00155396 0.999999 0.00571923 0.360265 -0.211528
FixedParameters: 0 0 0

#Transform 172
Transform: AffineTransform_float_3_3
Parameters: 1 -0.000322936 4.15016e-05 0.000323063 0.999998 -0.00155299 -4.04983e-05 0.00155301 0.999999 -0.0655558 0.307371 -0.134089
FixedParameters: 0 0 0

#Transform 173
Transform: AffineTransform_float_3_3
Parameters: 1 -6.04389e-05 -0.000297911 5.9561e-05 0.999999 -0.00147302 0.000298088 0.00147298 0.999999 0.0697328 0.352183 -0.288794
FixedParameters: 0 0 0

#Transform 174
Transform: AffineTransform_float_3_3
Parameters: 0.999999 -0.000870223 0.000402683 0.000870775 0.999998 -0.00193365 -0.000400317 0.00193335 0.999998 -0.297251 0.310325 0.0543955
FixedParameters: 0 0 0

#Transform 175
Transform: AffineTransform_float_3_3
Parameters: 1 -4.22037e-05 0.000333102 4.27961e-05 0.999997 -0.00239099 -0.000332899 0.00239101 0.999997 -0.0155522 0.499779 0.275289
FixedParameters: 0 0 0

#Transform 176
Transform: AffineTransform_float_3_3
Parameters: 1 -4.06267e-05 0.000193079 4.03732e-05 0.999998 -0.00193399 -0.000192922 0.00193401 0.999998 0.0280132 0.446943 0.00229055
FixedParameters: 0 0 0

#Transform 177
Transform: AffineTransform_float_3_3
Parameters: 1 -0.000868063 0.000594371 0.000868939 0.999999 -0.00157848 -0.000593628 0.00157952 0.999998 -0.282534 0.254775 -0.0593755
FixedParameters: 0 0 0

#Transform 178
Transform: AffineTransform_float_3_3
Parameters: 1 -0.000955896 0.000724459 0.000957104 0.999999 -0.00152531 -0.00072254 0.00152669 0.999998 -0.376869 0.18012 -0.0114205
FixedParameters: 0 0 0

#Transform 179
Transform: AffineTransform_float_3_3
Parameters: 1 -0.000999325 0.000207283 0.000999678 0.999994 -0.00328379 -0.000204718 0.00328421 0.999994 -0.33428 0.449185 0.464231
FixedParameters: 0 0 0

#Transform 180
Transform: AffineTransform_float_3_3
Parameters: 0.999999 -0.00100077 -0.000189973 0.000999227 0.999992 -0.00402519 0.000194023 0.00402481 0.999992 -0.267182 0.460173 0.635907
FixedParameters: 0 0 0

#Transform 181
Transform: AffineTransform_float_3_3
Parameters: 1 -0.000507584 -0.000172288 0.000507413 0.999994 -0.00337409 0.000174713 0.00337391 0.999995 -0.109472 0.549175 0.454044
FixedParameters: 0 0 0

#Transform 182
Transform: AffineTransform_float_3_3
Parameters: 0.999999 -0.000625935 -0.000392512 0.000625063 0.999997 -0.00237925 0.000394488 0.00237875 0.999997 -0.143916 0.383112 0.0806062
FixedParameters: 0 0 0

#Transform 183
Transform: AffineTransform_float_3_3
Parameters: 0.999999 -0.00064289 -0.000595038 0.000641109 0.999998 -0.00149638 0.000595959 0.00149562 0.999998 -0.144148 0.242189 -0.291144
FixedParameters: 0 0 0

#Transform 184
Transform: AffineTransform_float_3_3
Parameters: 1 0.000430533 -0.000545161 -0.000432466 0.999997 -0.00269277 0.000543837 0.00269324 0.999996 0.252254 0.636305 0.144578
FixedParameters: 0 0 0

#Transform 185
Transform: AffineTransform_float_3_3
Parameters: 0.999999 0.000701298 -0.000211343 -0.000701701 0.999994 -0.00333985 0.000208657 0.00334015 0.999995 0.221864 0.782289 0.389745
FixedParameters: 0 0 0

#Transform 186
Transform: AffineTransform_float_3_3
Parameters: 0.999999 0.00142503 2.15094e-06 -0.00142496 0.999984 -0.00550801 -1.08488e-05 0.00550799 0.999985 0.434738 1.23492 1.01794
FixedParameters: 0 0 0

#Transform 187
Transform: AffineTransform_float_3_3
Parameters: 0.999999 0.000744628 0.000346521 -0.000743368 0.999989 -0.00467726 -0.00035048 0.00467674 0.999989 0.197475 0.870369 0.951392
FixedParameters: 0 0 0

#Transform 188
Transform: AffineTransform_float_3_3
Parameters: 0.999999 0.00064554 0.000307791 -0.000644459 0.999988 -0.0049762 -0.00031121 0.0049758 0.999987 0.204026 0.958151 0.958193
FixedParameters: 0 0 0

#Transform 189
Transform: AffineTransform_float_3_3
Parameters: 0.999998 -0.0015493 -0.000678039 0.0015487 0.999997 -0.00191205 0.000680961 0.00191095 0.999998 -0.275609 0.0658683 -0.225061
FixedParameters: 0 0 0

#Transform 190
Transform: AffineTransform_float_3_3
Parameters: 0.999999 0.00113254 0.00104225 -0.00113046 0.999997 -0.00243118 -0.00104575 0.00243082 0.999997 0.195229 0.667798 0.337224
FixedParameters: 0 0 0

#Transform 191
Transform: AffineTransform_float_3_3
Parameters: 1 0.000574174 0.000105056 -0.000574825 0.999999 -0.00164506 -0.000106946 0.00164494 0.999998 0.0999238 0.471036 -0.260714
FixedParameters: 0 0 0

#Transform 192
Transform: AffineTransform_float_3_3
Parameters: 0.999999 0.00123646 -0.0007522 -0.00123855 0.999994 -0.00339307 0.000747801 0.00339393 0.999994 0.413836 0.890083 0.171431
FixedParameters: 0 0 0

#Transform 193
Transform: AffineTransform_float_3_3
