# transform file /out/sourcedata/freesurfer/sub-v1s1x0050645_ses-1/mri/transforms/cc_up.lta
# created by oesteban on Thu Mar 12 15:36:30 2026

type      = 0 # LINEAR_VOX_TO_VOX
nxforms   = 1
mean      = 128.0000 135.0000 114.0000
sigma     = 10000.0000
1 4 4
9.955327510833740e-01 -6.780278682708740e-02 -6.570629030466080e-02 1.930957794189453e+01 
6.765559315681458e-02 9.976987838745117e-01 -4.465346224606037e-03 6.418496608734131e+00 
6.585784256458282e-02 0.000000000000000e+00 9.978289604187012e-01 1.313177871704102e+01 
0.000000000000000e+00 0.000000000000000e+00 0.000000000000000e+00 1.000000000000000e+00 
src volume info
valid = 1  # volume info valid
filename = /out/sourcedata/freesurfer/sub-v1s1x0050645_ses-1/mri/norm.mgz
volume = 256 256 256
voxelsize = 1.000000000000000e+00 1.000000000000000e+00 1.000000000000000e+00
xras   = -1.000000000000000e+00 0.000000000000000e+00 0.000000000000000e+00
yras   = 0.000000000000000e+00 0.000000000000000e+00 -1.000000000000000e+00
zras   = 0.000000000000000e+00 1.000000000000000e+00 0.000000000000000e+00
cras   = -5.237289428710938e+00 -1.100000000000000e+01 4.450000000000000e+01
dst volume info
valid = 1  # volume info valid
filename = /out/sourcedata/freesurfer/sub-v1s1x0050645_ses-1/mri/norm.mgz
volume = 256 256 256
voxelsize = 1.000000000000000e+00 1.000000000000000e+00 1.000000000000000e+00
xras   = -1.000000000000000e+00 0.000000000000000e+00 0.000000000000000e+00
yras   = 0.000000000000000e+00 0.000000000000000e+00 -1.000000000000000e+00
zras   = 0.000000000000000e+00 1.000000000000000e+00 0.000000000000000e+00
cras   = -5.237289428710938e+00 -1.100000000000000e+01 4.450000000000000e+01
