#Insight Transform File V1.0
#Transform 0
Transform: AffineTransform_float_3_3
Parameters: 0.999998 0.00136257 0.00156076 -0.00136043 0.999997 -0.00164713 -0.00156324 0.00164487 0.999998 0.0397356 0.718382 1.59131
FixedParameters: 0 0 0

#Transform 1
Transform: AffineTransform_float_3_3
Parameters: 0.999998 0.001312 0.00139606 -0.001311 0.999999 -0.000718831 -0.00139694 0.000717168 0.999999 0.0535957 0.500356 1.18206
FixedParameters: 0 0 0

#Transform 2
Transform: AffineTransform_float_3_3
Parameters: 0.999998 0.00159627 0.00127215 -0.00159473 0.999997 -0.00178603 -0.00127485 0.00178397 0.999997 0.15459 0.6306 1.50822
FixedParameters: 0 0 0

#Transform 3
Transform: AffineTransform_float_3_3
Parameters: 0.999998 0.00159633 0.00114877 -0.00159467 0.999996 -0.00202884 -0.00115124 0.00202717 0.999998 0.183613 0.860421 1.54699
FixedParameters: 0 0 0

#Transform 4
Transform: AffineTransform_float_3_3
Parameters: 0.999998 0.00134825 0.000867616 -0.00134775 0.999999 -0.00028517 -0.000868383 0.000283829 0.999999 0.1688 0.45536 0.894657
FixedParameters: 0 0 0

#Transform 5
Transform: AffineTransform_float_3_3
Parameters: 0.999997 0.00208894 0.000437262 -0.00208905 0.999998 0.000125087 -0.000436738 -0.000125913 1 0.489782 0.492772 0.321307
FixedParameters: 0 0 0

#Transform 6
Transform: AffineTransform_float_3_3
Parameters: 0.999997 0.0011224 0.00227633 -0.0011186 0.999999 -0.00149455 -0.00227767 0.00149145 0.999997 -0.0355779 0.457481 1.35041
FixedParameters: 0 0 0

#Transform 7
Transform: AffineTransform_float_3_3
Parameters: 0.999992 0.00112286 0.00386388 -0.00111914 0.999999 -0.00100133 -0.00386512 0.000997668 0.999992 -0.130302 0.386967 1.60902
FixedParameters: 0 0 0

#Transform 8
Transform: AffineTransform_float_3_3
Parameters: 0.999991 0.00112411 0.00390753 -0.00111889 0.999998 -0.00131038 -0.00390946 0.00130561 0.999991 -0.136118 0.541409 1.78568
FixedParameters: 0 0 0

#Transform 9
Transform: AffineTransform_float_3_3
Parameters: 0.999997 0.000716634 0.00238851 -0.000714366 0.999999 -0.000684708 -0.00238949 0.000683289 0.999997 -0.0388903 0.340378 1.14035
FixedParameters: 0 0 0

#Transform 10
Transform: AffineTransform_float_3_3
Parameters: 0.999999 0.000699342 0.00160285 -0.000698659 0.999999 -0.00021312 -0.00160315 0.000212879 0.999998 0.029734 0.0733997 0.740742
FixedParameters: 0 0 0

#Transform 11
Transform: AffineTransform_float_3_3
Parameters: 0.999998 0.0011206 0.00160188 -0.0011194 0.999999 -0.0010018 -0.00160312 0.000999206 0.999998 0.169109 0.416689 0.977205
FixedParameters: 0 0 0

#Transform 12
Transform: AffineTransform_float_3_3
Parameters: 0.999999 0.000481368 0.00143454 -0.000479633 1 -0.000953689 -0.00143446 0.000953311 0.999998 -0.0128058 0.404157 0.880869
FixedParameters: 0 0 0

#Transform 13
Transform: AffineTransform_float_3_3
Parameters: 1 8.25499e-05 0.00116003 -8.245e-05 1 0.000387905 -0.00115997 -0.000388096 1 -0.0759136 -0.104358 0.317696
FixedParameters: 0 0 0

#Transform 14
Transform: AffineTransform_float_3_3
Parameters: 1 0.000197818 0.00116003 -0.000198182 1 0.00015677 -0.00115997 -0.00015723 1 -0.038427 -0.0880566 0.428334
FixedParameters: 0 0 0

#Transform 15
Transform: AffineTransform_float_3_3
Parameters: 1 0.000198692 0.00115988 -0.000198307 1 -0.00059723 -0.00116012 0.00059677 0.999999 -0.0243861 0.141033 0.702934
FixedParameters: 0 0 0

#Transform 16
Transform: AffineTransform_float_3_3
Parameters: 1 -4.14817e-05 0.000674032 4.25183e-05 0.999999 -0.000768972 -0.000673968 0.000769028 1 -0.0422102 0.199501 0.643369
FixedParameters: 0 0 0

#Transform 17
Transform: AffineTransform_float_3_3
Parameters: 0.999999 0.000198003 0.000995998 -0.000197997 1 -3.1972e-06 -0.000996 2.80279e-06 0.999999 -0.028163 -0.0416877 0.436342
FixedParameters: 0 0 0

#Transform 18
Transform: AffineTransform_float_3_3
Parameters: 1 0.000198452 0.000673867 -0.000198548 1 -0.000671133 -0.000674133 0.000670866 0.999999 0.015644 0.0679056 0.56355
FixedParameters: 0 0 0

#Transform 19
Transform: AffineTransform_float_3_3
Parameters: 1 0.000320377 0.000499758 -0.000320622 0.999999 -0.00075516 -0.000500242 0.000754839 0.999999 0.0397944 0.287259 0.460761
FixedParameters: 0 0 0

#Transform 20
Transform: AffineTransform_float_3_3
Parameters: 1 4.90327e-05 6.49753e-05 -4.89672e-05 1 -0.000504003 -6.50247e-05 0.000503997 1 0.0156251 0.0946523 0.190916
FixedParameters: 0 0 0

#Transform 21
Transform: AffineTransform_float_3_3
Parameters: 1 -0.000272077 -0.000152863 0.000271923 1 -0.000504041 0.000153137 0.000503958 1 -0.0554247 -0.131006 0.167951
FixedParameters: 0 0 0

#Transform 22
Transform: AffineTransform_float_3_3
Parameters: 1 -7.6008e-05 -1.59617e-05 7.59919e-05 1 -0.000504001 1.60383e-05 0.000503999 1 -0.0370343 0.0412991 0.239833
FixedParameters: 0 0 0

#Transform 23
Transform: AffineTransform_float_3_3
Parameters: 1 -9.10356e-05 -9.19648e-05 9.09644e-05 1 -0.000387008 9.20352e-05 0.000386992 1 -0.0336739 0.10073 0.162927
FixedParameters: 0 0 0

#Transform 24
Transform: AffineTransform_float_3_3
Parameters: 1 0.000204074 -0.000413963 -0.000203925 1 0.000180084 0.000414037 -0.000179915 1 0.121468 -0.107275 -0.060607
FixedParameters: 0 0 0

#Transform 25
Transform: AffineTransform_float_3_3
Parameters: 1 0.000264956 -9.21269e-05 -0.000265044 1 -0.000478975 9.1873e-05 0.000479024 1 0.0951528 0.0699255 0.238764
FixedParameters: 0 0 0

#Transform 26
Transform: AffineTransform_float_3_3
Parameters: 1 0.00015683 -0.000236113 -0.00015617 0.999999 -0.000721963 0.000235887 0.000722037 0.999999 0.114675 0.220188 0.187214
FixedParameters: 0 0 0

#Transform 27
Transform: AffineTransform_float_3_3
Parameters: 1 0.000447993 -9.20318e-05 -0.000448006 1 -7.09588e-05 9.19682e-05 7.10412e-05 1 0.147627 0.0442999 -0.0333218
FixedParameters: 0 0 0

#Transform 28
Transform: AffineTransform_float_3_3
Parameters: 1 0.000189975 -0.000538009 -0.000190025 1 -4.58978e-05 0.000537991 4.61022e-05 1 0.118481 -0.0448257 -0.139114
FixedParameters: 0 0 0

#Transform 29
Transform: AffineTransform_float_3_3
Parameters: 1 0.000531708 -0.000399388 -0.000532291 0.999999 -0.000729787 0.000398611 0.000730212 0.999999 0.223752 0.307903 0.110851
FixedParameters: 0 0 0

#Transform 30
Transform: AffineTransform_float_3_3
Parameters: 1 0.000328262 -0.000553844 -0.000327737 1 0.000474181 0.000554155 -0.000473818 0.999999 0.182057 -0.0735539 -0.30939
FixedParameters: 0 0 0

#Transform 31
Transform: AffineTransform_float_3_3
Parameters: 1 -9.27725e-05 -0.000534039 9.3228e-05 1 0.00042695 0.00053396 -0.000426049 1 0.0440609 -0.225063 -0.299772
FixedParameters: 0 0 0

#Transform 32
Transform: AffineTransform_float_3_3
Parameters: 1 0.000399966 -0.000500027 -0.000400033 1 -6.68e-05 0.000499973 6.72e-05 1 0.198088 0.0852604 -0.149473
FixedParameters: 0 0 0

#Transform 33
Transform: AffineTransform_float_3_3
Parameters: 1 0.000287782 -0.000500126 -0.000288218 1 -0.000436856 0.000499874 0.000436144 1 0.144558 0.233316 -0.121899
FixedParameters: 0 0 0

#Transform 34
Transform: AffineTransform_float_3_3
Parameters: 0.999999 -0.000227247 -0.000805213 0.000227752 0.999999 0.000934817 0.000804787 -0.000935183 0.999999 0.0175767 -0.249723 -0.645428
FixedParameters: 0 0 0

#Transform 35
Transform: AffineTransform_float_3_3
Parameters: 0.999999 -3.10559e-05 -0.000913032 3.2944e-05 1 0.00103397 0.000912966 -0.00103403 0.999999 0.103976 -0.314643 -0.700767
FixedParameters: 0 0 0

#Transform 36
Transform: AffineTransform_float_3_3
Parameters: 0.999999 7.42501e-05 -0.000912979 -7.37498e-05 1 0.000274067 0.000913019 -0.000273932 0.999999 0.138184 -0.0402486 -0.455463
FixedParameters: 0 0 0

#Transform 37
Transform: AffineTransform_float_3_3
Parameters: 0.999999 0.000301523 -0.000811806 -0.000301477 0.999999 0.000644245 0.000812194 -0.000643755 1 0.196558 0.0622205 -0.554355
FixedParameters: 0 0 0

#Transform 38
Transform: AffineTransform_float_3_3
Parameters: 0.999999 0.000353217 -0.000912529 -0.000352783 0.999999 0.00133432 0.000912471 -0.00133368 0.999998 0.196147 -0.240742 -0.815336
FixedParameters: 0 0 0

#Transform 39
Transform: AffineTransform_float_3_3
Parameters: 0.999999 -3.64767e-06 -0.001425 5.35232e-06 1 0.000948993 0.00142499 -0.000949006 0.999998 0.166137 -0.249484 -0.870445
FixedParameters: 0 0 0

#Transform 40
Transform: AffineTransform_float_3_3
Parameters: 1 0.000300958 -0.00114201 -0.000301042 1 -3.66562e-05 0.00114199 3.73437e-05 1 0.233652 0.13647 -0.547094
FixedParameters: 0 0 0

#Transform 41
Transform: AffineTransform_float_3_3
Parameters: 0.999998 0.00107311 -0.00117281 -0.00107389 0.999999 -0.000758742 0.00117218 0.000760259 0.999999 0.47237 0.35626 -0.437345
FixedParameters: 0 0 0

#Transform 42
Transform: AffineTransform_float_3_3
Parameters: 0.999999 0.000447299 -0.0014536 -0.0004457 1 0.000894649 0.0014544 -0.000893351 0.999998 0.271582 -0.233645 -1.09451
FixedParameters: 0 0 0

#Transform 43
Transform: AffineTransform_float_3_3
Parameters: 1 0.000317975 -0.00106571 -0.000317025 1 0.000915339 0.00106629 -0.000914662 0.999999 0.172211 -0.237805 -0.990346
FixedParameters: 0 0 0

#Transform 44
Transform: AffineTransform_float_3_3
Parameters: 0.999999 0.000557436 -0.00128081 -0.000556564 1 0.000340713 0.00128119 -0.000340286 0.999999 0.285707 0.116533 -0.848328
FixedParameters: 0 0 0

#Transform 45
Transform: AffineTransform_float_3_3
Parameters: 0.999999 0.000719053 -0.000502496 -0.000717945 0.999997 0.00209336 0.000504503 -0.00209264 0.999997 0.216714 -0.232623 -1.35408
FixedParameters: 0 0 0

#Transform 46
Transform: AffineTransform_float_3_3
Parameters: 0.999999 0.000718937 -0.000502663 -0.000718062 0.999998 0.00186136 0.000504338 -0.00186164 0.999998 0.212438 -0.340846 -1.30676
FixedParameters: 0 0 0

#Transform 47
Transform: AffineTransform_float_3_3
Parameters: 1 0.000719488 -0.000906822 -0.000717513 0.999999 0.00163965 0.000908178 -0.00163935 0.999998 0.293741 -0.229852 -1.30539
FixedParameters: 0 0 0

#Transform 48
Transform: AffineTransform_float_3_3
Parameters: 1 0.00113767 -0.000385019 -0.00113733 0.999998 0.00174244 0.000386982 -0.00174156 0.999999 0.377176 -0.012489 -1.16171
FixedParameters: 0 0 0

#Transform 49
Transform: AffineTransform_float_3_3
Parameters: 0.999999 0.000719183 -0.000512343 -0.000717818 0.999997 0.00230537 0.000513656 -0.00230563 0.999997 0.258656 -0.254042 -1.38999
FixedParameters: 0 0 0

#Transform 50
Transform: AffineTransform_float_3_3
Parameters: 0.999999 0.000307901 -0.00073821 -0.000306099 0.999996 0.00257423 0.00073879 -0.00257377 0.999997 0.159811 -0.54664 -1.51961
FixedParameters: 0 0 0

#Transform 51
Transform: AffineTransform_float_3_3
Parameters: 0.999999 0.000976913 -0.00100114 -0.000975087 0.999997 0.00190998 0.00100286 -0.00190902 0.999997 0.407174 -0.197246 -1.39786
FixedParameters: 0 0 0

#Transform 52
Transform: AffineTransform_float_3_3
Parameters: 0.999998 0.00105409 -0.0012943 -0.00105191 0.999998 0.00161536 0.0012967 -0.00161464 0.999998 0.467293 -0.0244669 -1.38512
FixedParameters: 0 0 0

#Transform 53
Transform: AffineTransform_float_3_3
Parameters: 0.999998 -0.000467907 -0.0021881 0.000473094 0.999997 0.00232797 0.00218691 -0.00232903 0.999995 0.0426739 -0.608941 -1.93326
FixedParameters: 0 0 0

#Transform 54
Transform: AffineTransform_float_3_3
Parameters: 0.999997 -0.000996132 -0.00231154 0.00100187 0.999997 0.00253869 0.00230846 -0.00254131 0.999994 -0.115464 -0.872788 -2.06673
FixedParameters: 0 0 0

#Transform 55
Transform: AffineTransform_float_3_3
Parameters: 0.999998 -0.000456229 -0.00188367 0.00045877 0.999999 0.00147114 0.00188233 -0.00147186 0.999997 -0.0177413 -0.423028 -1.58147
FixedParameters: 0 0 0

#Transform 56
Transform: AffineTransform_float_3_3
Parameters: 0.999997 -0.000452719 -0.00245716 0.000459279 0.999996 0.00255588 0.00245583 -0.00255712 0.999993 0.0100474 -0.621755 -2.25871
FixedParameters: 0 0 0

#Transform 57
Transform: AffineTransform_float_3_3
Parameters: 0.999997 -0.000453314 -0.00214021 0.000458688 0.999997 0.00265703 0.00213979 -0.00265798 0.999994 -0.048883 -0.796325 -2.22045
FixedParameters: 0 0 0

#Transform 58
Transform: AffineTransform_float_3_3
Parameters: 0.999998 -0.000164798 -0.00170541 0.000169203 0.999997 0.00246371 0.00170559 -0.00246428 0.999995 -0.00508878 -0.537213 -2.07354
FixedParameters: 0 0 0

#Transform 59
Transform: AffineTransform_float_3_3
Parameters: 0.999999 -0.000453195 -0.00170655 0.000458806 0.999994 0.00340222 0.00170545 -0.00340378 0.999993 -0.061076 -0.632041 -2.35021
FixedParameters: 0 0 0

#Transform 60
Transform: AffineTransform_float_3_3
Parameters: 0.999999 -0.000240632 -0.00148255 0.000244369 0.999998 0.00227164 0.00148245 -0.00227236 0.999997 0.00613193 -0.601152 -1.96153
FixedParameters: 0 0 0

#Transform 61
Transform: AffineTransform_float_3_3
Parameters: 0.999999 -5.45571e-05 -0.000895089 5.64442e-05 0.999998 0.00161195 0.00089591 -0.00161205 0.999999 0.0152264 -0.588666 -1.6561
FixedParameters: 0 0 0

#Transform 62
Transform: AffineTransform_float_3_3
Parameters: 0.999998 -4.0417e-05 -0.00164207 4.25827e-05 0.999999 0.00157293 0.00164194 -0.00157307 0.999998 0.133865 -0.515539 -1.80646
FixedParameters: 0 0 0

#Transform 63
Transform: AffineTransform_float_3_3
Parameters: 1 0.000187088 -0.00109865 -0.000184913 0.999998 0.0018992 0.00109935 -0.0018998 0.999997 0.130538 -0.358887 -1.73093
FixedParameters: 0 0 0

#Transform 64
Transform: AffineTransform_float_3_3
Parameters: 0.999998 0.000990283 -0.00125642 -0.000986718 0.999996 0.00261124 0.00125858 -0.00260976 0.999996 0.410713 -0.372846 -1.97335
FixedParameters: 0 0 0

#Transform 65
Transform: AffineTransform_float_3_3
Parameters: 0.999999 0.000989419 -0.00152744 -0.000986582 0.999999 0.00158351 0.00152856 -0.00158149 0.999997 0.474423 -0.332492 -1.64114
FixedParameters: 0 0 0

#Transform 66
Transform: AffineTransform_float_3_3
Parameters: 0.999999 0.00143054 -0.00101625 -0.00143046 0.999999 0.000528455 0.00101676 -0.000526546 1 0.591085 0.070087 -1.16035
FixedParameters: 0 0 0

#Transform 67
Transform: AffineTransform_float_3_3
Parameters: 0.999997 0.00195071 -0.001111 -0.00194929 0.999997 0.00153917 0.001114 -0.00153683 0.999998 0.807329 0.0989609 -1.53905
FixedParameters: 0 0 0

#Transform 68
Transform: AffineTransform_float_3_3
Parameters: 0.999999 0.00164528 -0.000626661 -0.00164473 0.999996 0.00203103 0.000629341 -0.00202997 0.999997 0.629834 -0.222502 -1.61905
FixedParameters: 0 0 0

#Transform 69
Transform: AffineTransform_float_3_3
Parameters: 0.999999 0.00174471 -0.000382781 -0.00174429 0.999997 0.00184567 0.00038622 -0.00184533 0.999998 0.653381 -0.0653208 -1.51804
FixedParameters: 0 0 0

#Transform 70
Transform: AffineTransform_float_3_3
Parameters: 0.999998 0.00164525 -0.000439337 -0.00164375 0.999994 0.00283572 0.000443663 -0.00283527 0.999996 0.634443 -0.244129 -1.88511
FixedParameters: 0 0 0

#Transform 71
Transform: AffineTransform_float_3_3
Parameters: 0.999998 0.0016457 -0.000521671 -0.0016443 0.999994 0.00323986 0.000526329 -0.00323914 0.999994 0.657615 -0.440805 -2.02657
FixedParameters: 0 0 0

#Transform 72
Transform: AffineTransform_float_3_3
Parameters: 0.999998 0.00164707 -0.00090845 -0.00164393 0.999993 0.0033735 0.000914551 -0.0033725 0.999994 0.696005 -0.3353 -2.15496
FixedParameters: 0 0 0

#Transform 73
Transform: AffineTransform_float_3_3
Parameters: 0.999997 0.00212485 -0.000230243 -0.00212414 0.999991 0.0036515 0.000238758 -0.0036515 0.999994 0.755588 -0.101919 -2.10522
FixedParameters: 0 0 0

#Transform 74
Transform: AffineTransform_float_3_3
Parameters: 0.999998 0.00164525 -0.000287921 -0.00164375 0.99999 0.00430448 0.000295077 -0.00430352 0.99999 0.612326 -0.441722 -2.36785
FixedParameters: 0 0 0

#Transform 75
Transform: AffineTransform_float_3_3
Parameters: 0.999998 0.00148604 -0.000864789 -0.00148295 0.999992 0.00351028 0.000870209 -0.00350871 0.999993 0.652519 -0.48315 -2.19738
FixedParameters: 0 0 0

#Transform 76
Transform: AffineTransform_float_3_3
Parameters: 0.999998 0.00164716 -0.000973676 -0.00164384 0.999994 0.00323661 0.000979324 -0.0032344 0.999995 0.727183 -0.238957 -2.1194
FixedParameters: 0 0 0

#Transform 77
Transform: AffineTransform_float_3_3
Parameters: 0.999999 0.00164629 -0.000703677 -0.00164471 0.999994 0.00323616 0.000709325 -0.00323484 0.999994 0.706586 -0.172481 -2.1013
FixedParameters: 0 0 0

#Transform 78
Transform: AffineTransform_float_3_3
Parameters: 0.999998 0.0017623 -0.000670988 -0.0017597 0.999992 0.00341419 0.000677011 -0.00341281 0.999994 0.727338 -0.347418 -2.2116
FixedParameters: 0 0 0

#Transform 79
Transform: AffineTransform_float_3_3
Parameters: 0.999999 0.00164639 -0.000818204 -0.00164461 0.999995 0.00291635 0.000822799 -0.00291465 0.999996 0.686878 -0.367329 -2.10383
FixedParameters: 0 0 0

#Transform 80
Transform: AffineTransform_float_3_3
Parameters: 0.999999 0.00164632 -0.000757977 -0.00164468 0.999994 0.00305425 0.000763026 -0.00305275 0.999995 0.688037 -0.268833 -2.14915
FixedParameters: 0 0 0

#Transform 81
Transform: AffineTransform_float_3_3
Parameters: 0.999997 0.00212988 -0.000235184 -0.00212912 0.999991 0.00367051 0.000242815 -0.00366949 0.999993 0.800075 -0.126456 -2.22086
FixedParameters: 0 0 0

#Transform 82
Transform: AffineTransform_float_3_3
Parameters: 0.999999 0.00138817 -3.72075e-05 -0.00138783 0.999991 0.00417306 4.27932e-05 -0.00417395 0.999992 0.534762 -0.449379 -2.3584
FixedParameters: 0 0 0

#Transform 83
Transform: AffineTransform_float_3_3
Parameters: 1 0.000624989 -0.000835516 -0.000623013 0.999997 0.00237852 0.000836484 -0.00237748 0.999997 0.4418 -0.45404 -1.86939
FixedParameters: 0 0 0

#Transform 84
Transform: AffineTransform_float_3_3
Parameters: 0.999997 0.00234486 0.000800301 -0.00234714 0.999993 0.00268513 -0.000793699 -0.00268687 0.999996 0.694233 0.0889061 -1.72132
FixedParameters: 0 0 0

#Transform 85
Transform: AffineTransform_float_3_3
Parameters: 0.999997 0.00222197 0.00095408 -0.00222503 0.999993 0.00318289 -0.000946921 -0.00318512 0.999995 0.605416 0.213282 -1.86559
FixedParameters: 0 0 0

#Transform 86
Transform: AffineTransform_float_3_3
Parameters: 0.999996 0.00266685 0.000843838 -0.00266915 0.999993 0.00256176 -0.000837162 -0.00256424 0.999997 0.742567 0.164081 -1.65847
FixedParameters: 0 0 0

#Transform 87
Transform: AffineTransform_float_3_3
Parameters: 0.999996 0.00301904 0.000464766 -0.00301897 0.999996 -7.84035e-05 -0.000465236 7.75958e-05 1 0.890088 0.593047 -0.804919
FixedParameters: 0 0 0

#Transform 88
Transform: AffineTransform_float_3_3
Parameters: 0.999997 0.00244306 0.000545737 -0.00244294 0.999997 -0.000108334 -0.000546262 0.000106666 1 0.695703 0.692783 -0.925894
FixedParameters: 0 0 0

#Transform 89
Transform: AffineTransform_float_3_3
Parameters: 0.999995 0.00281609 0.00128199 -0.00281691 0.999996 0.000706392 -0.00128001 -0.000709608 0.999999 0.713155 0.653271 -1.09584
FixedParameters: 0 0 0

#Transform 90
Transform: AffineTransform_float_3_3
Parameters: 0.999992 0.00375488 0.00074468 -0.00375612 0.999992 0.00151121 -0.00073932 -0.00151379 0.999998 1.08619 0.462628 -1.43014
FixedParameters: 0 0 0

#Transform 91
Transform: AffineTransform_float_3_3
Parameters: 0.999992 0.00390164 0.000787741 -0.00390336 0.999991 0.00172594 -0.000781258 -0.00172906 0.999998 1.13683 0.56971 -1.40284
FixedParameters: 0 0 0

#Transform 92
Transform: AffineTransform_float_3_3
Parameters: 0.999991 0.00396079 0.00145603 -0.00396321 0.999991 0.00151924 -0.00144997 -0.00152476 0.999998 1.05283 0.77637 -1.208
FixedParameters: 0 0 0

#Transform 93
Transform: AffineTransform_float_3_3
Parameters: 0.999993 0.00354659 0.00123505 -0.00354841 0.999993 0.00113963 -0.00123195 -0.00114438 0.999998 0.903184 0.796657 -1.30612
FixedParameters: 0 0 0

#Transform 94
Transform: AffineTransform_float_3_3
Parameters: 0.999991 0.0040578 0.00104966 -0.0040592 0.999991 0.00114675 -0.00104534 -0.00115125 0.999999 1.10282 0.598629 -1.331
FixedParameters: 0 0 0

#Transform 95
Transform: AffineTransform_float_3_3
Parameters: 0.999987 0.00484483 0.00113799 -0.00484617 0.999987 0.0010275 -0.001133 -0.0010335 0.999999 1.38008 0.939303 -1.33619
FixedParameters: 0 0 0

#Transform 96
Transform: AffineTransform_float_3_3
Parameters: 0.999986 0.00496738 0.00136822 -0.00497062 0.999984 0.00265723 -0.00135478 -0.00266376 0.999995 1.38581 0.831103 -1.86171
FixedParameters: 0 0 0

#Transform 97
Transform: AffineTransform_float_3_3
Parameters: 0.99999 0.00451065 0.00105708 -0.00451235 0.999988 0.00223125 -0.00104693 -0.00223575 0.999997 1.27879 0.529735 -1.76866
FixedParameters: 0 0 0

#Transform 98
Transform: AffineTransform_float_3_3
Parameters: 0.999991 0.00432607 0.000707876 -0.00432893 0.999987 0.00274296 -0.000696122 -0.00274604 0.999996 1.27722 0.381073 -1.99705
FixedParameters: 0 0 0

#Transform 99
Transform: AffineTransform_float_3_3
Parameters: 0.999991 0.00412251 0.00106766 -0.00412549 0.999988 0.00234162 -0.00105833 -0.00234638 0.999996 1.17733 0.664978 -1.76431
FixedParameters: 0 0 0

#Transform 100
Transform: AffineTransform_float_3_3
Parameters: 0.999992 0.00367126 0.00122838 -0.00367874 0.999973 0.00635953 -0.00120462 -0.00636347 0.999979 1.02033 -0.000305278 -3.10453
FixedParameters: 0 0 0

#Transform 101
Transform: AffineTransform_float_3_3
Parameters: 0.999992 0.00390288 0.000945398 -0.00390812 0.999978 0.00547735 -0.000923601 -0.00548065 0.999984 1.11907 -0.0361908 -2.89382
FixedParameters: 0 0 0

#Transform 102
Transform: AffineTransform_float_3_3
Parameters: 0.999992 0.00365869 0.00115199 -0.00366431 0.999983 0.00463781 -0.00113501 -0.00464219 0.999988 1.01697 -0.079067 -2.50156
FixedParameters: 0 0 0

#Transform 103
Transform: AffineTransform_float_3_3
Parameters: 0.999991 0.00423476 0.00116354 -0.00423824 0.999985 0.0036661 -0.00114846 -0.0036709 0.999992 1.21605 0.282298 -2.14594
FixedParameters: 0 0 0

#Transform 104
Transform: AffineTransform_float_3_3
Parameters: 0.999991 0.00416886 0.000437975 -0.00417014 0.999988 0.0026312 -0.000427022 -0.0026338 0.999997 1.29896 0.584066 -1.99276
FixedParameters: 0 0 0

#Transform 105
Transform: AffineTransform_float_3_3
Parameters: 0.999988 0.00490758 0.000604674 -0.00490942 0.999985 0.00237706 -0.000592325 -0.00237994 0.999997 1.49959 0.609606 -1.90974
FixedParameters: 0 0 0

#Transform 106
Transform: AffineTransform_float_3_3
Parameters: 0.999985 0.00535074 0.00128091 -0.00535526 0.99998 0.00334219 -0.00126309 -0.00334881 0.999993 1.54242 0.512643 -2.14969
FixedParameters: 0 0 0

#Transform 107
Transform: AffineTransform_float_3_3
Parameters: 0.999982 0.00559091 0.00180496 -0.00559708 0.999978 0.00338495 -0.00178603 -0.00339504 0.999992 1.59109 0.792616 -2.07916
FixedParameters: 0 0 0

#Transform 108
Transform: AffineTransform_float_3_3
Parameters: 0.99998 0.00574617 0.00243905 -0.00575782 0.999971 0.00487005 -0.00241095 -0.00488395 0.999985 1.58101 0.465493 -2.48306
FixedParameters: 0 0 0

#Transform 109
Transform: AffineTransform_float_3_3
Parameters: 0.999981 0.00562338 0.00278964 -0.00563663 0.999972 0.00490137 -0.00276236 -0.00491663 0.999984 1.4886 0.274802 -2.41212
FixedParameters: 0 0 0

#Transform 110
Transform: AffineTransform_float_3_3
Parameters: 0.999981 0.00564469 0.0023911 -0.00565431 0.999977 0.00390555 -0.00236889 -0.00391944 0.999989 1.56129 0.577027 -2.17436
FixedParameters: 0 0 0

#Transform 111
Transform: AffineTransform_float_3_3
Parameters: 0.999979 0.00553334 0.00332847 -0.00554467 0.999979 0.00350562 -0.00330853 -0.00352438 0.999989 1.40561 0.801936 -1.88863
FixedParameters: 0 0 0

#Transform 112
Transform: AffineTransform_float_3_3
Parameters: 0.999978 0.00562052 0.00338523 -0.00564047 0.999965 0.00606903 -0.00335077 -0.00608796 0.999976 1.40466 0.253071 -2.76791
FixedParameters: 0 0 0

#Transform 113
Transform: AffineTransform_float_3_3
Parameters: 0.999981 0.0055858 0.00243583 -0.0056032 0.999959 0.00711248 -0.00239616 -0.00712651 0.999971 1.51999 -0.0439144 -3.2616
FixedParameters: 0 0 0

#Transform 114
Transform: AffineTransform_float_3_3
Parameters: 0.999981 0.00572021 0.00237448 -0.00573378 0.999966 0.0058395 -0.00234052 -0.0058535 0.99998 1.58605 0.310641 -2.81576
FixedParameters: 0 0 0

#Transform 115
Transform: AffineTransform_float_3_3
Parameters: 0.999985 0.00507227 0.0020754 -0.00508473 0.999968 0.00617754 -0.0020436 -0.00618746 0.999979 1.48324 0.177777 -3.01766
FixedParameters: 0 0 0

#Transform 116
Transform: AffineTransform_float_3_3
Parameters: 0.999984 0.00506751 0.00270908 -0.0050845 0.999969 0.00611533 -0.00267892 -0.00612968 0.999977 1.38136 0.0760219 -2.82839
FixedParameters: 0 0 0

#Transform 117
Transform: AffineTransform_float_3_3
Parameters: 0.999986 0.00507108 0.00188294 -0.00508493 0.999959 0.00746554 -0.00184506 -0.00747547 0.999971 1.49137 -0.114789 -3.38388
FixedParameters: 0 0 0

#Transform 118
Transform: AffineTransform_float_3_3
Parameters: 0.999986 0.00507848 0.00132525 -0.00508452 0.999974 0.00496533 -0.00129975 -0.00497167 0.999987 1.59631 0.480389 -2.82529
FixedParameters: 0 0 0

#Transform 119
Transform: AffineTransform_float_3_3
Parameters: 0.999983 0.00554485 0.00206715 -0.00555515 0.99997 0.00542661 -0.00203685 -0.00543839 0.999983 1.64261 0.360669 -2.92966
FixedParameters: 0 0 0

#Transform 120
Transform: AffineTransform_float_3_3
Parameters: 0.999987 0.00507648 0.00129099 -0.00508452 0.999964 0.00668652 -0.00125701 -0.00669347 0.999977 1.6033 -0.0462922 -3.75596
FixedParameters: 0 0 0

#Transform 121
Transform: AffineTransform_float_3_3
Parameters: 0.999983 0.00523875 0.00251007 -0.00525425 0.999967 0.00610691 -0.00247792 -0.00612008 0.999978 1.49456 0.275034 -3.51688
FixedParameters: 0 0 0

#Transform 122
Transform: AffineTransform_float_3_3
Parameters: 0.99998 0.00591147 0.00197719 -0.00592853 0.999942 0.00897945 -0.00192481 -0.00899055 0.999957 1.79986 0.0268193 -4.68123
FixedParameters: 0 0 0

#Transform 123
Transform: AffineTransform_float_3_3
Parameters: 0.999979 0.0058516 0.00271821 -0.0058654 0.999968 0.00531817 -0.0026878 -0.00533384 0.999982 1.65386 0.179281 -3.38856
FixedParameters: 0 0 0

#Transform 124
Transform: AffineTransform_float_3_3
Parameters: 0.999975 0.00569622 0.00413636 -0.00570279 0.999983 0.00163045 -0.00412664 -0.00165355 0.99999 1.41445 0.790833 -1.71028
FixedParameters: 0 0 0

#Transform 125
Transform: AffineTransform_float_3_3
Parameters: 0.999981 0.00521561 0.00324239 -0.00522739 0.99998 0.00351412 -0.00322361 -0.00353088 0.999988 1.36855 0.541307 -2.57805
FixedParameters: 0 0 0

#Transform 126
Transform: AffineTransform_float_3_3
Parameters: 0.999981 0.00508872 0.00349746 -0.00510028 0.999982 0.00322322 -0.00348153 -0.00324078 0.999988 1.27668 0.839449 -2.54093
FixedParameters: 0 0 0

#Transform 127
Transform: AffineTransform_float_3_3
Parameters: 0.999971 0.00525554 0.00554097 -0.00528846 0.999969 0.00585987 -0.00551003 -0.00588913 0.999968 1.02379 0.276683 -3.08331
FixedParameters: 0 0 0

#Transform 128
Transform: AffineTransform_float_3_3
Parameters: 0.999974 0.00495982 0.00510548 -0.00499018 0.999969 0.00611268 -0.00507553 -0.00613733 0.999969 1.00533 0.0678913 -3.25226
FixedParameters: 0 0 0

#Transform 129
Transform: AffineTransform_float_3_3
Parameters: 0.999973 0.00524958 0.00525666 -0.00528843 0.999959 0.00732241 -0.00521835 -0.0073496 0.99996 1.09275 0.0969513 -3.68568
FixedParameters: 0 0 0

#Transform 130
Transform: AffineTransform_float_3_3
Parameters: 0.999969 0.00552296 0.00557996 -0.00557003 0.999949 0.00845018 -0.00553204 -0.00848081 0.999948 1.15803 0.124507 -4.15469
FixedParameters: 0 0 0

#Transform 131
Transform: AffineTransform_float_3_3
Parameters: 0.999973 0.00533317 0.0051032 -0.00537683 0.999949 0.0086138 -0.0050568 -0.00864121 0.99995 1.12413 -0.152737 -4.50388
FixedParameters: 0 0 0

#Transform 132
Transform: AffineTransform_float_3_3
Parameters: 0.999972 0.00562485 0.00482358 -0.00566714 0.999945 0.0087679 -0.00477441 -0.00879509 0.99995 1.30103 -0.167215 -4.68583
FixedParameters: 0 0 0

#Transform 133
Transform: AffineTransform_float_3_3
Parameters: 0.999966 0.00587198 0.00570159 -0.00591401 0.999956 0.00738053 -0.0056574 -0.00741447 0.999957 1.23782 0.307692 -4.17008
FixedParameters: 0 0 0

#Transform 134
Transform: AffineTransform_float_3_3
Parameters: 0.999963 0.00572952 0.0063401 -0.00579047 0.999936 0.00972064 -0.0062839 -0.00975736 0.999932 1.10765 -0.0426164 -4.76633
FixedParameters: 0 0 0

#Transform 135
Transform: AffineTransform_float_3_3
Parameters: 0.99997 0.00501406 0.00600714 -0.00506994 0.999943 0.00933283 -0.00596087 -0.00936317 0.999939 0.934858 -0.376605 -4.65975
FixedParameters: 0 0 0

#Transform 136
Transform: AffineTransform_float_3_3
Parameters: 0.999958 0.00571475 0.00726621 -0.00577326 0.999951 0.0080224 -0.0072198 -0.00806361 0.999942 0.993962 0.164635 -4.15597
FixedParameters: 0 0 0

#Transform 137
Transform: AffineTransform_float_3_3
Parameters: 0.999954 0.00585787 0.00758911 -0.00594012 0.999923 0.0108444 -0.00752489 -0.0108896 0.999913 0.943731 -0.152921 -5.01169
FixedParameters: 0 0 0

#Transform 138
Transform: AffineTransform_float_3_3
Parameters: 0.999969 0.00541355 0.00559723 -0.00546445 0.999944 0.00903669 -0.00554876 -0.00906731 0.999943 1.08354 -0.223703 -4.84839
FixedParameters: 0 0 0

#Transform 139
Transform: AffineTransform_float_3_3
Parameters: 0.999964 0.00584724 0.00618108 -0.00590676 0.999935 0.00969384 -0.00612492 -0.00973016 0.999934 1.14191 -0.0696301 -5.07259
FixedParameters: 0 0 0

#Transform 140
Transform: AffineTransform_float_3_3
Parameters: 0.999953 0.0055621 0.00785785 -0.0056649 0.999897 0.0131341 -0.00778414 -0.0131779 0.999883 0.956645 -0.533839 -5.60296
FixedParameters: 0 0 0

#Transform 141
Transform: AffineTransform_float_3_3
Parameters: 0.999958 0.00590947 0.00709037 -0.00588153 0.999974 -0.00402987 -0.00711364 0.00398813 0.999966 1.2968 1.66753 1.82083
FixedParameters: 0 0 0

#Transform 142
Transform: AffineTransform_float_3_3
Parameters: 0.999903 0.00898139 0.0106313 -0.00892161 0.999944 -0.0057144 -0.0106817 0.00561861 0.999927 1.94118 2.62203 3.54153
FixedParameters: 0 0 0

#Transform 143
Transform: AffineTransform_float_3_3
Parameters: 0.999894 0.0102835 0.0102576 -0.0102415 0.999939 -0.00418449 -0.0102994 0.00407951 0.999938 2.47567 2.78689 2.98161
FixedParameters: 0 0 0

#Transform 144
Transform: AffineTransform_float_3_3
Parameters: 0.999904 0.00982821 0.00976268 -0.00980179 0.999948 -0.00272895 -0.00978931 0.00263304 0.999948 2.38197 2.3753 2.637
FixedParameters: 0 0 0

#Transform 145
Transform: AffineTransform_float_3_3
Parameters: 0.999921 0.00935963 0.00839262 -0.00935337 0.999956 -0.000828565 -0.00839939 0.000750444 0.999965 2.41089 2.01303 1.92468
FixedParameters: 0 0 0

#Transform 146
Transform: AffineTransform_float_3_3
Parameters: 0.999919 0.0102418 0.00765067 -0.0102373 0.999948 -0.000658376 -0.00765735 0.000580623 0.999971 2.83032 2.35931 1.89923
FixedParameters: 0 0 0

#Transform 147
Transform: AffineTransform_float_3_3
Parameters: 0.999916 0.0103984 0.00765693 -0.0104056 0.999945 0.000818393 -0.00764807 -0.000898603 0.999971 2.88623 2.28121 1.54142
FixedParameters: 0 0 0

#Transform 148
Transform: AffineTransform_float_3_3
Parameters: 0.999922 0.0101099 0.00733252 -0.0101361 0.999942 0.00366896 -0.00729549 -0.00374305 0.999967 2.77436 1.78222 0.549854
FixedParameters: 0 0 0

#Transform 149
Transform: AffineTransform_float_3_3
Parameters: 0.999925 0.00948374 0.00776871 -0.00950826 0.99995 0.00309237 -0.00773829 -0.00316563 0.999965 2.53958 1.56435 0.915988
FixedParameters: 0 0 0

#Transform 150
Transform: AffineTransform_float_3_3
Parameters: 0.999947 0.0076191 0.00698587 -0.00763991 0.999967 0.00297079 -0.00696313 -0.00302422 0.999971 1.97745 1.24621 0.770737
FixedParameters: 0 0 0

#Transform 151
Transform: AffineTransform_float_3_3
Parameters: 0.999941 0.00828992 0.00704686 -0.00831107 0.999961 0.00296661 -0.00702113 -0.00302538 0.999971 2.18868 1.53075 0.821735
FixedParameters: 0 0 0

#Transform 152
Transform: AffineTransform_float_3_3
Parameters: 0.999948 0.00793961 0.00647855 -0.0079624 0.999963 0.0034386 -0.00645045 -0.0034904 0.999973 2.12883 1.40222 0.536184
FixedParameters: 0 0 0

#Transform 153
Transform: AffineTransform_float_3_3
Parameters: 0.999943 0.00836404 0.00653279 -0.00838796 0.999958 0.00364841 -0.00650221 -0.00370259 0.999972 2.28699 1.28461 0.502597
FixedParameters: 0 0 0

#Transform 154
Transform: AffineTransform_float_3_3
Parameters: 0.999935 0.0088464 0.00718942 -0.0088666 0.999956 0.00283844 -0.00716358 -0.00290156 0.99997 2.33813 1.54265 0.846011
FixedParameters: 0 0 0

#Transform 155
Transform: AffineTransform_float_3_3
Parameters: 0.999944 0.00891778 0.00572746 -0.00893622 0.999955 0.00316299 -0.00569953 -0.00321401 0.999978 2.53528 1.60301 0.39952
FixedParameters: 0 0 0

#Transform 156
Transform: AffineTransform_float_3_3
Parameters: 0.999955 0.00818748 0.00474415 -0.00820152 0.999961 0.00304923 -0.00471885 -0.00308877 0.999984 2.39189 1.44963 0.0505117
FixedParameters: 0 0 0

#Transform 157
Transform: AffineTransform_float_3_3
Parameters: 0.999967 0.00680742 0.00428067 -0.00682058 0.999971 0.0031659 -0.00425933 -0.0031951 0.999986 1.96557 1.07932 -0.257476
FixedParameters: 0 0 0

#Transform 158
Transform: AffineTransform_float_3_3
Parameters: 0.999968 0.00684825 0.00427612 -0.00686177 0.999972 0.00321176 -0.00425389 -0.00324024 0.999985 1.96043 1.15467 -0.324212
FixedParameters: 0 0 0

#Transform 159
Transform: AffineTransform_float_3_3
Parameters: 0.999967 0.00663413 0.00481467 -0.00665687 0.999966 0.00474911 -0.00478333 -0.00478189 0.999977 1.76514 1.05257 -0.944139
FixedParameters: 0 0 0

#Transform 160
Transform: AffineTransform_float_3_3
Parameters: 0.999965 0.00638855 0.0052778 -0.00643145 0.999947 0.00806533 -0.00522619 -0.00809866 0.999953 1.59704 0.672549 -2.56588
FixedParameters: 0 0 0

#Transform 161
Transform: AffineTransform_float_3_3
Parameters: 0.99995 0.00889292 0.00443278 -0.00894107 0.9999 0.0109459 -0.00433521 -0.0109851 0.999931 2.39868 0.818424 -4.05456
FixedParameters: 0 0 0

#Transform 162
Transform: AffineTransform_float_3_3
Parameters: 0.999966 0.00796752 0.00240438 -0.00800349 0.999847 0.0155643 -0.00228063 -0.0155827 0.999876 2.38856 -0.360409 -6.20157
FixedParameters: 0 0 0

#Transform 163
Transform: AffineTransform_float_3_3
Parameters: 0.999969 0.00765673 0.0014134 -0.00768026 0.999821 0.0172587 -0.0012816 -0.0172693 0.99985 2.41193 -0.774794 -7.12561
FixedParameters: 0 0 0

#Transform 164
Transform: AffineTransform_float_3_3
Parameters: 0.999971 0.00719759 0.0025329 -0.00724041 0.999826 0.0171531 -0.00240909 -0.0171708 0.999849 2.11214 -0.759308 -6.88629
FixedParameters: 0 0 0

#Transform 165
Transform: AffineTransform_float_3_3
Parameters: 0.999964 0.00765352 0.0035139 -0.00770747 0.99985 0.0154665 -0.0033951 -0.0154925 0.999874 2.15535 -0.244616 -6.04652
FixedParameters: 0 0 0

#Transform 166
Transform: AffineTransform_float_3_3
Parameters: 0.999961 0.00780896 0.00428724 -0.00787804 0.999835 0.0163309 -0.00415877 -0.0163641 0.999858 2.09548 -0.109142 -6.31529
FixedParameters: 0 0 0

#Transform 167
Transform: AffineTransform_float_3_3
Parameters: 0.999964 0.00743281 0.00423433 -0.0075052 0.999822 0.0172979 -0.00410467 -0.0173292 0.999842 1.93923 -0.280508 -7.05641
FixedParameters: 0 0 0

#Transform 168
Transform: AffineTransform_float_3_3
Parameters: 0.99996 0.00701488 0.00555979 -0.00711213 0.999819 0.0176462 -0.00543521 -0.0176848 0.999829 1.56552 -0.372546 -7.25992
FixedParameters: 0 0 0

#Transform 169
Transform: AffineTransform_float_3_3
Parameters: 0.999958 0.00742869 0.00547796 -0.00753233 0.99979 0.0190886 -0.00533504 -0.0191285 0.999803 1.728 -0.439151 -7.89485
FixedParameters: 0 0 0

#Transform 170
Transform: AffineTransform_float_3_3
Parameters: 0.999964 0.00756259 0.00368382 -0.0076094 0.99989 0.0127484 -0.00358717 -0.0127766 0.999912 1.9519 0.649431 -6.72179
FixedParameters: 0 0 0

#Transform 171
Transform: AffineTransform_float_3_3
Parameters: 0.999975 0.00674493 0.00239508 -0.00676707 0.999933 0.00932902 -0.00233192 -0.00934496 0.999953 1.92071 0.788528 -6.1109
FixedParameters: 0 0 0

#Transform 172
Transform: AffineTransform_float_3_3
Parameters: 0.99997 0.00717128 0.00293026 -0.00719772 0.999931 0.00921118 -0.00286475 -0.00923182 0.999954 2.00669 1.04866 -5.97181
FixedParameters: 0 0 0

#Transform 173
Transform: AffineTransform_float_3_3
Parameters: 0.999967 0.00777444 0.00261891 -0.00779557 0.999935 0.00832686 -0.0025541 -0.00834714 0.999962 2.23197 1.36023 -5.83431
FixedParameters: 0 0 0

#Transform 174
Transform: AffineTransform_float_3_3
Parameters: 0.999971 0.00736479 0.00188637 -0.00737322 0.999963 0.00438622 -0.00185363 -0.00439978 0.999988 2.20977 1.79254 -4.9765
FixedParameters: 0 0 0

#Transform 175
Transform: AffineTransform_float_3_3
Parameters: 0.999973 0.00714801 0.00173271 -0.00715299 0.99997 0.00289069 -0.00171228 -0.00290332 0.999995 2.12982 2.19906 -4.67409
FixedParameters: 0 0 0

#Transform 176
Transform: AffineTransform_float_3_3
Parameters: 0.999978 0.00637273 0.0017352 -0.00637827 0.999973 0.00363301 -0.0017118 -0.00364399 0.999992 1.87784 2.12432 -5.00198
FixedParameters: 0 0 0

#Transform 177
Transform: AffineTransform_float_3_3
Parameters: 0.999979 0.00635267 0.00132998 -0.00635532 0.999976 0.0025106 -0.00131402 -0.0025194 0.999996 1.93278 2.2093 -4.80804
FixedParameters: 0 0 0

#Transform 178
Transform: AffineTransform_float_3_3
Parameters: 0.999979 0.00633748 0.000928324 -0.00634151 0.999972 0.00383419 -0.000903674 -0.0038398 0.999992 1.89602 2.44125 -5.54643
FixedParameters: 0 0 0

#Transform 179
Transform: AffineTransform_float_3_3
Parameters: 0.999975 0.00685244 0.00169329 -0.00686355 0.999956 0.00630653 -0.0016497 -0.00631846 0.999978 1.96958 1.6549 -6.08806
FixedParameters: 0 0 0

#Transform 180
Transform: AffineTransform_float_3_3
Parameters: 0.99997 0.00755274 0.00197548 -0.00756427 0.999951 0.00627425 -0.00192852 -0.00628976 0.999979 2.17086 1.45254 -5.71256
FixedParameters: 0 0 0

#Transform 181
Transform: AffineTransform_float_3_3
Parameters: 0.999968 0.00729888 0.00307716 -0.00731911 0.999951 0.00657768 -0.00302884 -0.00660031 0.999973 1.93224 1.50617 -5.3616
FixedParameters: 0 0 0

#Transform 182
Transform: AffineTransform_float_3_3
Parameters: 0.999972 0.00703929 0.00223245 -0.0070517 0.999958 0.00573341 -0.00219255 -0.00574959 0.999981 1.95016 1.8091 -5.41577
FixedParameters: 0 0 0

#Transform 183
Transform: AffineTransform_float_3_3
Parameters: 0.99997 0.00754563 0.00186768 -0.00755836 0.999949 0.00670408 -0.00181732 -0.00671791 0.999976 2.17418 1.66165 -5.9376
FixedParameters: 0 0 0

#Transform 184
Transform: AffineTransform_float_3_3
Parameters: 0.999979 0.00640817 0.00100271 -0.00641484 0.999955 0.00696972 -0.000958298 -0.00697529 0.999975 1.9236 1.59109 -6.27168
FixedParameters: 0 0 0

#Transform 185
Transform: AffineTransform_float_3_3
Parameters: 0.999976 0.00655785 0.00191364 -0.00656915 0.999961 0.00588157 -0.00187536 -0.00589344 0.999981 1.82439 1.8053 -5.89976
FixedParameters: 0 0 0

#Transform 186
Transform: AffineTransform_float_3_3
Parameters: 0.999972 0.00733719 0.00135776 -0.0073438 0.999963 0.00432215 -0.00132524 -0.00433184 0.999989 2.1498 2.05402 -5.60029
FixedParameters: 0 0 0

#Transform 187
Transform: AffineTransform_float_3_3
Parameters: 0.999972 0.00717834 0.00182868 -0.00719565 0.999931 0.0092711 -0.00176132 -0.0092839 0.999956 2.2013 1.67426 -7.23466
FixedParameters: 0 0 0

#Transform 188
Transform: AffineTransform_float_3_3
Parameters: 0.999963 0.00855281 0.00137777 -0.00857919 0.999757 0.0202779 -0.00120423 -0.0202891 0.999794 2.64953 1.12378 -11.2254
FixedParameters: 0 0 0

#Transform 189
Transform: AffineTransform_float_3_3
Parameters: 0.999968 0.00753334 0.00287631 -0.00757666 0.999857 0.0151197 -0.00276167 -0.0151413 0.999881 2.18414 0.965268 -8.84424
FixedParameters: 0 0 0

#Transform 190
Transform: AffineTransform_float_3_3
Parameters: 0.999965 0.0078676 0.00285585 -0.0079084 0.999864 0.0144219 -0.00274214 -0.0144441 0.999892 2.30022 1.31717 -8.7627
FixedParameters: 0 0 0

#Transform 191
Transform: AffineTransform_float_3_3
Parameters: 0.999966 0.00760275 0.00300192 -0.00764624 0.999863 0.0146665 -0.00289007 -0.0146895 0.999888 2.17798 1.03028 -8.71551
