# transform file /out/sourcedata/freesurfer/sub-v1s1x0050651_ses-1/mri/transforms/cc_up.lta
# created by oesteban on Thu Mar 12 16:08:10 2026

type      = 0 # LINEAR_VOX_TO_VOX
nxforms   = 1
mean      = 130.0000 129.0000 105.0000
sigma     = 10000.0000
1 4 4
9.984931349754333e-01 3.676381893455982e-04 5.487551912665367e-02 -6.725073337554932e+00 
-3.670842270366848e-04 9.999999403953552e-01 -2.017433871515095e-05 2.004951667785645e+01 
-5.487552285194397e-02 0.000000000000000e+00 9.984931945800781e-01 4.025871658325195e+01 
0.000000000000000e+00 0.000000000000000e+00 0.000000000000000e+00 1.000000000000000e+00 
src volume info
valid = 1  # volume info valid
filename = /out/sourcedata/freesurfer/sub-v1s1x0050651_ses-1/mri/norm.mgz
volume = 256 256 256
voxelsize = 1.000000000000000e+00 1.000000000000000e+00 1.000000000000000e+00
xras   = -1.000000000000000e+00 0.000000000000000e+00 0.000000000000000e+00
yras   = 0.000000000000000e+00 0.000000000000000e+00 -1.000000000000000e+00
zras   = 0.000000000000000e+00 1.000000000000000e+00 0.000000000000000e+00
cras   = 5.000000000000000e-01 1.000000000000000e+00 1.000000000000000e+00
dst volume info
valid = 1  # volume info valid
filename = /out/sourcedata/freesurfer/sub-v1s1x0050651_ses-1/mri/norm.mgz
volume = 256 256 256
voxelsize = 1.000000000000000e+00 1.000000000000000e+00 1.000000000000000e+00
xras   = -1.000000000000000e+00 0.000000000000000e+00 0.000000000000000e+00
yras   = 0.000000000000000e+00 0.000000000000000e+00 -1.000000000000000e+00
zras   = 0.000000000000000e+00 1.000000000000000e+00 0.000000000000000e+00
cras   = 5.000000000000000e-01 1.000000000000000e+00 1.000000000000000e+00
