# transform file /out/sourcedata/freesurfer/sub-v1s1x0050648_ses-1/mri/transforms/cc_up.lta
# created by oesteban on Thu Mar 12 15:59:42 2026

type      = 0 # LINEAR_VOX_TO_VOX
nxforms   = 1
mean      = 128.0000 107.0000 120.0000
sigma     = 10000.0000
1 4 4
9.998692870140076e-01 -7.861804217100143e-03 -1.412236783653498e-02 1.843557715415955e+00 
7.861020043492317e-03 9.999690055847168e-01 -1.110307275666855e-04 3.900543594360352e+01 
1.412280462682247e-02 0.000000000000000e+00 9.999002218246460e-01 1.319704055786133e+01 
0.000000000000000e+00 0.000000000000000e+00 0.000000000000000e+00 1.000000000000000e+00 
src volume info
valid = 1  # volume info valid
filename = /out/sourcedata/freesurfer/sub-v1s1x0050648_ses-1/mri/norm.mgz
volume = 256 256 256
voxelsize = 1.000000000000000e+00 1.000000000000000e+00 1.000000000000000e+00
xras   = -1.000000000000000e+00 0.000000000000000e+00 0.000000000000000e+00
yras   = 0.000000000000000e+00 0.000000000000000e+00 -1.000000000000000e+00
zras   = 0.000000000000000e+00 1.000000000000000e+00 0.000000000000000e+00
cras   = 5.000000000000000e+00 -1.400000000000000e+01 4.000000000000000e+00
dst volume info
valid = 1  # volume info valid
filename = /out/sourcedata/freesurfer/sub-v1s1x0050648_ses-1/mri/norm.mgz
volume = 256 256 256
voxelsize = 1.000000000000000e+00 1.000000000000000e+00 1.000000000000000e+00
xras   = -1.000000000000000e+00 0.000000000000000e+00 0.000000000000000e+00
yras   = 0.000000000000000e+00 0.000000000000000e+00 -1.000000000000000e+00
zras   = 0.000000000000000e+00 1.000000000000000e+00 0.000000000000000e+00
cras   = 5.000000000000000e+00 -1.400000000000000e+01 4.000000000000000e+00
