# transform file transforms/talairach.lta
# created by oesteban on Thu Mar 12 14:51:11 2026

type      = 0 # LINEAR_VOX_TO_VOX
nxforms   = 1
mean      = 125.0000 110.0000 98.0000
sigma     = 10000.0000
1 4 4
1.030802011489868e+00 1.084797531366348e-01 1.159877609461546e-02 -1.581767654418945e+01 
-1.016927883028984e-01 1.077483773231506e+00 2.730341851711273e-01 -6.661918640136719e+00 
1.562482863664627e-02 -2.378411889076233e-01 9.652062058448792e-01 3.943715286254883e+01 
0.000000000000000e+00 0.000000000000000e+00 0.000000000000000e+00 1.000000000000000e+00 
src volume info
valid = 1  # volume info valid
filename = nu.mgz
volume = 256 256 256
voxelsize = 1.000000000000000e+00 1.000000000000000e+00 1.000000000000000e+00
xras   = -1.000000000000000e+00 0.000000000000000e+00 0.000000000000000e+00
yras   = 0.000000000000000e+00 0.000000000000000e+00 -1.000000000000000e+00
zras   = 0.000000000000000e+00 1.000000000000000e+00 0.000000000000000e+00
cras   = 5.000000000000000e-01 1.000000000000000e+00 1.000000000000000e+00
dst volume info
valid = 1  # volume info valid
filename = /opt/freesurfer/average/RB_all_2020-01-02.gca
volume = 256 256 256
voxelsize = 1.000000000000000e+00 1.000000000000000e+00 1.000000000000000e+00
xras   = -1.000000000000000e+00 0.000000000000000e+00 0.000000000000000e+00
yras   = 0.000000000000000e+00 0.000000000000000e+00 -1.000000000000000e+00
zras   = 0.000000000000000e+00 1.000000000000000e+00 0.000000000000000e+00
cras   = 0.000000000000000e+00 0.000000000000000e+00 0.000000000000000e+00
