#Insight Transform File V1.0
#Transform 0
Transform: AffineTransform_float_3_3
Parameters: 0.999999 2.47199e-06 0.001511 4.72e-07 0.999998 -0.001636 -0.001511 0.001636 0.999997 -0.144713 0.163222 0.864369
FixedParameters: 0 0 0

#Transform 1
Transform: AffineTransform_float_3_3
Parameters: 0.999998 0.000464543 0.00166674 -0.000459457 0.999996 -0.00272477 -0.00166826 0.00272423 0.999995 -0.0619252 0.512272 1.25225
FixedParameters: 0 0 0

#Transform 2
Transform: AffineTransform_float_3_3
Parameters: 0.999999 0.000501601 0.00140407 -0.0004984 0.999998 -0.0018517 -0.00140493 0.0018513 0.999998 -0.0165998 0.343163 0.914063
FixedParameters: 0 0 0

#Transform 3
Transform: AffineTransform_float_3_3
Parameters: 1 0.000165042 0.00119672 -0.000162958 0.999998 -0.0017062 -0.00119728 0.0017058 0.999998 -0.0843408 0.221053 0.811418
FixedParameters: 0 0 0

#Transform 4
Transform: AffineTransform_float_3_3
Parameters: 0.999999 0.000214391 0.00140449 -0.000210609 0.999997 -0.0024133 -0.00140551 0.0024137 0.999996 -0.103466 0.445165 1.07621
FixedParameters: 0 0 0

#Transform 5
Transform: AffineTransform_float_3_3
Parameters: 0.999999 0.000207006 0.00134469 -0.000204993 0.999999 -0.00149228 -0.00134531 0.00149172 0.999998 -0.106025 0.192654 0.792213
FixedParameters: 0 0 0

#Transform 6
Transform: AffineTransform_float_3_3
Parameters: 0.999999 0.000520517 0.00077999 -0.000519483 0.999998 -0.00194341 -0.000781011 0.00194359 0.999998 0.0809883 0.402263 0.805478
FixedParameters: 0 0 0

#Transform 7
Transform: AffineTransform_float_3_3
Parameters: 1 0.000645652 0.000945876 -0.000644349 0.999999 -0.00174461 -0.000947126 0.00174439 0.999998 0.0894671 0.39344 0.809964
FixedParameters: 0 0 0

#Transform 8
Transform: AffineTransform_float_3_3
Parameters: 0.999999 0.000433452 0.00134653 -0.000431547 1 -0.00107858 -0.00134747 0.00107742 0.999998 -0.0589338 0.190373 0.664008
FixedParameters: 0 0 0

#Transform 9
Transform: AffineTransform_float_3_3
Parameters: 1 0.000534262 0.000937282 -0.000533738 0.999999 -0.0013455 -0.000938719 0.0013455 0.999998 0.0287773 0.338334 0.634689
FixedParameters: 0 0 0

#Transform 10
Transform: AffineTransform_float_3_3
Parameters: 1 0.000694125 0.00095118 -0.000692875 0.999999 -0.00118266 -0.00095182 0.00118134 0.999999 0.0627308 0.319498 0.603948
FixedParameters: 0 0 0

#Transform 11
Transform: AffineTransform_float_3_3
Parameters: 1 0.000488961 0.000913486 -0.000488038 1 -0.00105245 -0.000914514 0.00105155 0.999999 0.0003587 0.224734 0.52044
FixedParameters: 0 0 0

#Transform 12
Transform: AffineTransform_float_3_3
Parameters: 0.999999 0.000559189 0.000796166 -0.000557811 0.999998 -0.00149244 -0.000796833 0.00149255 0.999998 0.0380842 0.392522 0.678153
FixedParameters: 0 0 0

#Transform 13
Transform: AffineTransform_float_3_3
Parameters: 0.999999 0.000357612 0.000724698 -0.000357388 0.999999 -0.000844259 -0.000724302 0.000844741 1 -0.0199041 0.157783 0.458854
FixedParameters: 0 0 0

#Transform 14
Transform: AffineTransform_float_3_3
Parameters: 1 6.51964e-07 0.000418999 -3.48035e-07 0.999999 -0.001556 -0.000419001 0.001556 0.999998 -0.0836519 0.321568 0.6178
FixedParameters: 0 0 0

#Transform 15
Transform: AffineTransform_float_3_3
Parameters: 1 4.39215e-07 0.000704999 4.39215e-07 1 -0.000622999 -0.000704999 0.000622999 0.999999 -0.12339 0.109484 0.39017
FixedParameters: 0 0 0

#Transform 16
Transform: AffineTransform_float_3_3
Parameters: 1 3.4048e-07 0.000304 3.4048e-07 1 -0.00112 -0.000304 0.00112 1 -0.0563667 0.24686 0.446439
FixedParameters: 0 0 0

#Transform 17
Transform: AffineTransform_float_3_3
Parameters: 1 0.000228625 0.000557744 -0.000228375 1 -0.00112013 -0.000558256 0.00112087 0.999999 -0.0266172 0.244767 0.483479
FixedParameters: 0 0 0

#Transform 18
Transform: AffineTransform_float_3_3
Parameters: 1 3.6498e-08 6.6e-05 3.6498e-08 1 -0.000553 -6.6e-05 0.000553 1 -0.026646 0.112692 0.171298
FixedParameters: 0 0 0

#Transform 19
Transform: AffineTransform_float_3_3
Parameters: 1 1.73864e-07 0.000206 1.73864e-07 0.999999 -0.000843999 -0.000206 0.000843999 0.999999 -0.040024 0.231225 0.292307
FixedParameters: 0 0 0

#Transform 20
Transform: AffineTransform_float_3_3
Parameters: 1 1.32e-09 -3e-05 1.32e-09 1 4.4e-05 3e-05 -4.4e-05 1 -0.000560796 -0.0189415 -0.0292329
FixedParameters: 0 0 0

#Transform 21
Transform: AffineTransform_float_3_3
Parameters: 1 9.1744e-08 0.000188 9.1744e-08 1 -0.000488 -0.000188 0.000488 1 -0.03705 0.120435 0.198032
FixedParameters: 0 0 0

#Transform 22
Transform: AffineTransform_float_3_3
Parameters: 1 2.9768e-08 6.1e-05 2.9768e-08 1 -0.000488 -6.1e-05 0.000488 1 -0.0158041 0.164218 0.136924
FixedParameters: 0 0 0

#Transform 23
Transform: AffineTransform_float_3_3
Parameters: 1 7.1496e-08 0.000216 7.1496e-08 1 -0.000331 -0.000216 0.000331 1 -0.0417187 0.0864715 0.153757
FixedParameters: 0 0 0

#Transform 24
Transform: AffineTransform_float_3_3
Parameters: 1 0.000134105 0.000215935 -0.000133895 1 -0.000488029 -0.000216065 0.000487971 1 0.000671412 0.10476 0.179717
FixedParameters: 0 0 0

#Transform 25
Transform: AffineTransform_float_3_3
Parameters: 1 9.3744e-08 0.000216 9.3744e-08 1 -0.000434 -0.000216 0.000434 1 -0.0417228 0.149543 0.162576
FixedParameters: 0 0 0

#Transform 26
Transform: AffineTransform_float_3_3
Parameters: 1 0.000340145 0.000215772 -0.000339856 0.999999 -0.000670073 -0.000215228 0.000669926 1 0.0658333 0.275242 0.261095
FixedParameters: 0 0 0

#Transform 27
Transform: AffineTransform_float_3_3
Parameters: 1 0.000286996 0.000216005 -0.000287004 1 1.6938e-05 -0.000215995 -1.7062e-05 1 0.0326505 0.0716562 0.0145424
FixedParameters: 0 0 0

#Transform 28
Transform: AffineTransform_float_3_3
Parameters: 1 1.4529e-08 8.7e-05 1.4529e-08 1 -0.000167 -8.7e-05 0.000167 1 -0.0384939 0.12187 0.0662402
FixedParameters: 0 0 0

#Transform 29
Transform: AffineTransform_float_3_3
Parameters: 1 0.000367105 0.000215821 -0.000366895 1 -0.000488079 -0.000215179 0.000487921 1 0.0581804 0.24415 0.204495
FixedParameters: 0 0 0

#Transform 30
Transform: AffineTransform_float_3_3
Parameters: 1 0.000275031 -0.000109924 -0.000274969 1 0.00027803 0.000110076 -0.00027797 1 0.0997404 0.0462342 -0.124796
FixedParameters: 0 0 0

#Transform 31
Transform: AffineTransform_float_3_3
Parameters: 1 0.000307976 -5.613e-05 -0.000308024 1 -0.000421983 5.587e-05 0.000422017 1 0.101197 0.23774 0.112694
FixedParameters: 0 0 0

#Transform 32
Transform: AffineTransform_float_3_3
Parameters: 1 0.000340974 0.000216041 -0.000341026 1 0.000118926 -0.000215959 -0.000119074 1 0.0660762 0.122018 0.0144887
FixedParameters: 0 0 0

#Transform 33
Transform: AffineTransform_float_3_3
Parameters: 1 0.000297133 -0.000261849 -0.000296867 1 0.000509078 0.000262151 -0.000508922 1 0.132225 0.00974393 -0.230869
FixedParameters: 0 0 0

#Transform 34
Transform: AffineTransform_float_3_3
Parameters: 1 0.000409942 -0.000272086 -0.000410057 1 -0.000210888 0.000271913 0.000211111 1 0.169601 0.240568 -0.00281836
FixedParameters: 0 0 0

#Transform 35
Transform: AffineTransform_float_3_3
Parameters: 1 0.000221004 -1.09222e-05 -0.000220996 1 0.000352002 1.10778e-05 -0.000351998 1 0.0639197 0.0365166 -0.125259
FixedParameters: 0 0 0

#Transform 36
Transform: AffineTransform_float_3_3
Parameters: 1 1.46869e-07 -0.000227 1.46869e-07 1 0.000647 0.000227 -0.000647 1 0.0324748 -0.0561237 -0.274461
FixedParameters: 0 0 0

#Transform 37
Transform: AffineTransform_float_3_3
Parameters: 1 0.000362989 -0.000290014 -0.000363011 1 -3.88947e-05 0.000289986 3.81053e-05 1 0.155698 0.198259 -0.0652718
FixedParameters: 0 0 0

#Transform 38
Transform: AffineTransform_float_3_3
Parameters: 1 0.000375223 -0.000293716 -0.000375777 0.999999 0.00075811 0.000294285 -0.000757889 0.999999 0.153835 -0.0215184 -0.30105
FixedParameters: 0 0 0

#Transform 39
Transform: AffineTransform_float_3_3
Parameters: 1 0.000365198 -0.000419828 -0.000364802 1 0.000471153 0.000420172 -0.000470846 1 0.177981 0.0461312 -0.261381
FixedParameters: 0 0 0

#Transform 40
Transform: AffineTransform_float_3_3
Parameters: 1 0.000468103 -0.000491902 -0.000467897 1 0.00020923 0.000492098 -0.00020977 1 0.222117 0.16837 -0.172924
FixedParameters: 0 0 0

#Transform 41
Transform: AffineTransform_float_3_3
Parameters: 1 0.000330443 -0.000551734 -0.000330556 0.999999 0.000804182 0.000552266 -0.000803817 0.999999 0.191379 -0.0367302 -0.3659
FixedParameters: 0 0 0

#Transform 42
Transform: AffineTransform_float_3_3
Parameters: 1 0.000408939 -0.000449055 -0.000408061 1 -0.000135817 0.000448944 0.000136184 1 0.201182 0.217411 -0.0695147
FixedParameters: 0 0 0

#Transform 43
Transform: AffineTransform_float_3_3
Parameters: 1 0.000383351 -0.000395659 -0.000382649 0.999999 0.000888151 0.00039534 -0.000887848 0.999999 0.179628 -0.00899121 -0.361967
FixedParameters: 0 0 0

#Transform 44
Transform: AffineTransform_float_3_3
Parameters: 1 0.000321298 -0.000465795 -0.000321702 0.999999 0.00063915 0.000466205 -0.00063885 0.999999 0.171297 0.0516698 -0.314886
FixedParameters: 0 0 0

#Transform 45
Transform: AffineTransform_float_3_3
Parameters: 1 0.00042717 -0.000277738 -0.00042683 0.999999 0.000613118 0.000277262 -0.000612881 1 0.175978 0.0765374 -0.259816
FixedParameters: 0 0 0

#Transform 46
Transform: AffineTransform_float_3_3
Parameters: 1 0.000364289 -0.000456769 -0.00036371 0.999999 0.000634166 0.00045723 -0.000633833 0.999999 0.186085 0.0274458 -0.321023
FixedParameters: 0 0 0

#Transform 47
Transform: AffineTransform_float_3_3
Parameters: 1 0.000451081 -0.000299878 -0.000450919 1 0.000270135 0.000300122 -0.000269865 1 0.177061 0.174842 -0.17755
FixedParameters: 0 0 0

#Transform 48
Transform: AffineTransform_float_3_3
Parameters: 1 0.000337213 -0.000235695 -0.000336786 0.999999 0.000904079 0.000236304 -0.00090392 0.999999 0.127756 -0.022554 -0.376651
FixedParameters: 0 0 0

#Transform 49
Transform: AffineTransform_float_3_3
Parameters: 1 0.0003051 -0.000263884 -0.0003049 1 0.00038108 0.000263116 -0.00038092 1 0.121605 0.128857 -0.220981
FixedParameters: 0 0 0

#Transform 50
Transform: AffineTransform_float_3_3
Parameters: 1 0.000456223 -0.000345705 -0.000455777 0.999999 0.000646157 0.000345294 -0.000645842 0.999999 0.175858 0.0618621 -0.299421
FixedParameters: 0 0 0

#Transform 51
Transform: AffineTransform_float_3_3
Parameters: 1 0.000482106 -0.000332846 -0.000481893 1 0.00032016 0.000333154 -0.000319839 1 0.189248 0.157309 -0.207629
FixedParameters: 0 0 0

#Transform 52
Transform: AffineTransform_float_3_3
Parameters: 1 0.000458148 -0.00021168 -0.000457852 0.999999 0.000699097 0.00021132 -0.000698903 0.999999 0.158348 0.0594777 -0.29507
FixedParameters: 0 0 0

#Transform 53
Transform: AffineTransform_float_3_3
Parameters: 1 0.000612221 -0.000346609 -0.000611778 0.999999 0.000639212 0.000347391 -0.000638787 0.999999 0.222165 0.0995337 -0.310535
FixedParameters: 0 0 0

#Transform 54
Transform: AffineTransform_float_3_3
Parameters: 1 0.000552119 -0.000256744 -0.000551881 0.999999 0.000463142 0.000257255 -0.000462858 1 0.191603 0.133637 -0.229675
FixedParameters: 0 0 0

#Transform 55
Transform: AffineTransform_float_3_3
Parameters: 0.999999 0.000700259 -0.000514646 -0.000699739 0.999999 0.00050536 0.000515353 -0.000504639 0.999999 0.27901 0.139057 -0.287651
FixedParameters: 0 0 0

#Transform 56
Transform: AffineTransform_float_3_3
Parameters: 0.999999 0.000682504 -0.00060243 -0.000681496 1 0.000836412 0.00060257 -0.00083559 1 0.286153 0.0801977 -0.405931
FixedParameters: 0 0 0

#Transform 57
Transform: AffineTransform_float_3_3
Parameters: 0.999999 0.000550285 -0.000663763 -0.000549715 1 0.000429365 0.000664236 -0.000429634 0.999999 0.246389 0.122627 -0.284937
FixedParameters: 0 0 0

#Transform 58
Transform: AffineTransform_float_3_3
Parameters: 1 0.000965283 -0.000484437 -0.000965718 1 0.000583468 0.000484563 -0.000582533 0.999999 0.347529 0.188257 -0.292408
FixedParameters: 0 0 0

#Transform 59
Transform: AffineTransform_float_3_3
Parameters: 1 0.000618228 -0.000335579 -0.000617771 0.999999 0.000681207 0.000336421 -0.000680792 0.999999 0.225549 0.0827991 -0.295117
FixedParameters: 0 0 0

#Transform 60
Transform: AffineTransform_float_3_3
Parameters: 0.999999 0.000700249 -0.000700751 -0.000699751 0.999999 0.00035549 0.000700248 -0.00035551 0.999999 0.299991 0.215292 -0.267485
FixedParameters: 0 0 0

#Transform 61
Transform: AffineTransform_float_3_3
Parameters: 1 0.000818545 -0.00083947 -0.000817456 1 0.000648687 0.000839531 -0.000648314 1 0.360573 0.100655 -0.399845
FixedParameters: 0 0 0

#Transform 62
Transform: AffineTransform_float_3_3
Parameters: 1 0.000844955 -0.000845045 -0.000845045 0.999999 -5.32859e-05 0.000844955 5.37139e-05 0.999999 0.385096 0.342128 -0.16189
FixedParameters: 0 0 0

#Transform 63
Transform: AffineTransform_float_3_3
Parameters: 1 0.000602265 -0.000335524 -0.000601734 0.999999 0.000790201 0.000336475 -0.000789797 0.999999 0.225094 0.0737928 -0.308064
FixedParameters: 0 0 0

#Transform 64
Transform: AffineTransform_float_3_3
Parameters: 0.999999 0.000676904 -0.000744178 -0.000676094 0.999999 0.0012155 0.000745821 -0.0012145 0.999999 0.316352 0.017013 -0.537284
FixedParameters: 0 0 0

#Transform 65
Transform: AffineTransform_float_3_3
Parameters: 1 0.000735396 -0.000740606 -0.000735603 0.999999 0.000535545 0.000741393 -0.000534455 0.999999 0.340603 0.193177 -0.321629
FixedParameters: 0 0 0

#Transform 66
Transform: AffineTransform_float_3_3
Parameters: 0.999999 0.000485785 -0.000785515 -0.000484215 1 0.000998381 0.000786484 -0.000998619 0.999999 0.281641 -0.0172363 -0.488324
FixedParameters: 0 0 0

#Transform 67
Transform: AffineTransform_float_3_3
Parameters: 1 0.00093619 -0.000500647 -0.000935812 1 0.000377469 0.000501354 -0.000377531 1 0.374707 0.244549 -0.242366
FixedParameters: 0 0 0

#Transform 68
Transform: AffineTransform_float_3_3
Parameters: 0.999999 0.00076812 -0.00113224 -0.000766881 0.999999 0.000988869 0.00113276 -0.000988131 0.999999 0.433132 0.0575125 -0.541323
FixedParameters: 0 0 0

#Transform 69
Transform: AffineTransform_float_3_3
Parameters: 1 0.000818502 -0.000857523 -0.000817499 1 0.000584702 0.000858479 -0.000584298 1 0.398332 0.198965 -0.384096
FixedParameters: 0 0 0

#Transform 70
Transform: AffineTransform_float_3_3
Parameters: 0.999999 0.000887363 -0.00126104 -0.000885638 0.999999 0.00108012 0.00126196 -0.00107988 0.999998 0.501218 0.0342988 -0.599047
FixedParameters: 0 0 0

#Transform 71
Transform: AffineTransform_float_3_3
Parameters: 0.999999 0.00102788 -0.00119324 -0.00102712 0.999999 0.000736227 0.00119376 -0.000734774 0.999999 0.530625 0.190579 -0.514871
FixedParameters: 0 0 0

#Transform 72
Transform: AffineTransform_float_3_3
Parameters: 0.999998 0.00102865 -0.00131271 -0.00102635 0.999998 0.00125935 0.00131429 -0.00125865 0.999999 0.550855 0.0403841 -0.665068
FixedParameters: 0 0 0

#Transform 73
Transform: AffineTransform_float_3_3
Parameters: 0.999998 0.00113865 -0.00117036 -0.00113734 0.999999 0.000560332 0.00117064 -0.000558668 0.999999 0.561857 0.251585 -0.435388
FixedParameters: 0 0 0

#Transform 74
Transform: AffineTransform_float_3_3
Parameters: 0.999999 0.00102852 -0.00119369 -0.00102648 0.999998 0.00127623 0.00119431 -0.00127477 0.999999 0.513186 0.0353017 -0.643624
FixedParameters: 0 0 0

#Transform 75
Transform: AffineTransform_float_3_3
Parameters: 0.999999 0.0012588 -0.00128722 -0.0012582 0.999999 0.000624621 0.00128778 -0.00062238 0.999999 0.602956 0.264223 -0.480166
FixedParameters: 0 0 0

#Transform 76
Transform: AffineTransform_float_3_3
Parameters: 0.999998 0.00108542 -0.00122174 -0.00108358 0.999998 0.00116133 0.00122326 -0.00116067 0.999999 0.541365 0.0953137 -0.623062
FixedParameters: 0 0 0

#Transform 77
Transform: AffineTransform_float_3_3
Parameters: 0.999998 0.00102757 -0.00120751 -0.00102643 1 0.00047424 0.00120849 -0.000473759 0.999999 0.520318 0.250169 -0.42762
FixedParameters: 0 0 0

#Transform 78
Transform: AffineTransform_float_3_3
Parameters: 0.999999 0.00102912 -0.00146051 -0.00102688 0.999999 0.0014525 0.00146149 -0.0014505 0.999998 0.551935 0.0314948 -0.777342
FixedParameters: 0 0 0

#Transform 79
Transform: AffineTransform_float_3_3
Parameters: 0.999998 0.00141168 -0.00130826 -0.00141132 0.999999 0.000522847 0.00130974 -0.000521152 0.999999 0.646324 0.329149 -0.437918
FixedParameters: 0 0 0

#Transform 80
Transform: AffineTransform_float_3_3
Parameters: 0.999998 0.00138183 -0.00147329 -0.00138017 0.999999 0.00124204 0.00147471 -0.00123997 0.999998 0.670949 0.120626 -0.683508
FixedParameters: 0 0 0

#Transform 81
Transform: AffineTransform_float_3_3
Parameters: 0.999998 0.00139694 -0.00128598 -0.00139606 0.999999 0.000731796 0.00128702 -0.000730203 0.999999 0.644427 0.278838 -0.514152
FixedParameters: 0 0 0

#Transform 82
Transform: AffineTransform_float_3_3
Parameters: 0.999998 0.00127161 -0.00150564 -0.00127038 0.999998 0.00107291 0.00150736 -0.00107109 0.999999 0.637348 0.135614 -0.641675
FixedParameters: 0 0 0

#Transform 83
Transform: AffineTransform_float_3_3
Parameters: 0.999998 0.00137469 -0.00136831 -0.00137331 0.999999 0.00050588 0.00136869 -0.000504119 0.999999 0.645938 0.325123 -0.435657
FixedParameters: 0 0 0

#Transform 84
Transform: AffineTransform_float_3_3
Parameters: 0.999998 0.00143174 -0.00139221 -0.00142926 0.999998 0.00124899 0.00139479 -0.00124701 0.999999 0.670605 0.12717 -0.638473
FixedParameters: 0 0 0

#Transform 85
Transform: AffineTransform_float_3_3
Parameters: 0.999998 0.00136773 -0.00160838 -0.00136727 0.999999 0.0004542 0.00160862 -0.000451801 0.999998 0.68411 0.330323 -0.467396
FixedParameters: 0 0 0

#Transform 86
Transform: AffineTransform_float_3_3
Parameters: 0.999999 0.00137754 -0.0012443 -0.00137546 0.999999 0.00123671 0.0012457 -0.00123529 0.999999 0.623195 0.137534 -0.624276
FixedParameters: 0 0 0

#Transform 87
Transform: AffineTransform_float_3_3
Parameters: 0.999998 0.00137581 -0.00143622 -0.00137519 0.999999 0.000566976 0.00143678 -0.000565024 0.999999 0.650973 0.300886 -0.466847
FixedParameters: 0 0 0

#Transform 88
Transform: AffineTransform_float_3_3
Parameters: 0.999997 0.00134053 -0.00168978 -0.00133947 0.999998 0.000908265 0.00169122 -0.000906735 0.999998 0.685254 0.19496 -0.603166
FixedParameters: 0 0 0

#Transform 89
Transform: AffineTransform_float_3_3
Parameters: 0.999998 0.00140487 -0.0017443 -0.00140313 0.999999 0.000500449 0.0017447 -0.00049855 0.999999 0.713291 0.30497 -0.488046
FixedParameters: 0 0 0

#Transform 90
Transform: AffineTransform_float_3_3
Parameters: 0.999997 0.00137515 -0.00171928 -0.00137385 0.999999 0.00125237 0.00172072 -0.00125064 0.999997 0.700786 0.142919 -0.720916
FixedParameters: 0 0 0

#Transform 91
Transform: AffineTransform_float_3_3
Parameters: 0.999998 0.00144509 -0.00177811 -0.00144391 0.999999 0.000615569 0.00177889 -0.000613431 0.999998 0.739351 0.288784 -0.553144
FixedParameters: 0 0 0

#Transform 92
Transform: AffineTransform_float_3_3
Parameters: 0.999998 0.00139026 -0.00181127 -0.00138874 0.999999 0.00125052 0.00181274 -0.00124748 0.999998 0.730687 0.127465 -0.737972
FixedParameters: 0 0 0

#Transform 93
Transform: AffineTransform_float_3_3
Parameters: 0.999998 0.00119737 -0.00172274 -0.00119663 1 0.000218062 0.00172226 -0.000215938 0.999999 0.647658 0.317468 -0.418869
FixedParameters: 0 0 0

#Transform 94
Transform: AffineTransform_float_3_3
Parameters: 0.999998 0.00144733 -0.00173406 -0.00144467 0.999998 0.00134251 0.00173594 -0.00134049 0.999997 0.713704 0.144236 -0.768005
FixedParameters: 0 0 0

#Transform 95
Transform: AffineTransform_float_3_3
Parameters: 0.999998 0.00129647 -0.00161883 -0.00129553 0.999998 0.000907099 0.00162017 -0.000904901 0.999999 0.635802 0.197873 -0.609762
FixedParameters: 0 0 0

#Transform 96
Transform: AffineTransform_float_3_3
Parameters: 0.999998 0.00134735 -0.00155683 -0.00134565 0.999998 0.000867097 0.00155717 -0.000864904 0.999999 0.62189 0.235782 -0.567399
FixedParameters: 0 0 0

#Transform 97
Transform: AffineTransform_float_3_3
Parameters: 0.999997 0.00136654 -0.00166473 -0.00136545 0.999998 0.000929275 0.00166627 -0.000926725 0.999998 0.646087 0.191885 -0.613942
FixedParameters: 0 0 0

#Transform 98
Transform: AffineTransform_float_3_3
Parameters: 0.999998 0.0013802 -0.00158395 -0.0013788 0.999999 0.000759186 0.00158505 -0.000756814 0.999999 0.636909 0.281853 -0.535802
FixedParameters: 0 0 0

#Transform 99
Transform: AffineTransform_float_3_3
Parameters: 0.999999 0.00126768 -0.0012443 -0.00126633 0.999999 0.00134658 0.00124571 -0.00134442 0.999999 0.527591 0.0916875 -0.664163
FixedParameters: 0 0 0

#Transform 100
Transform: AffineTransform_float_3_3
Parameters: 0.999998 0.00119269 -0.00156648 -0.00119231 0.999999 0.000439869 0.00156752 -0.000438131 0.999998 0.574647 0.285743 -0.440236
FixedParameters: 0 0 0

#Transform 101
Transform: AffineTransform_float_3_3
Parameters: 0.999999 0.00130242 -0.00124452 -0.00130058 0.999998 0.00113862 0.00124648 -0.00113738 0.999998 0.551832 0.150193 -0.598725
FixedParameters: 0 0 0

#Transform 102
Transform: AffineTransform_float_3_3
Parameters: 0.999998 0.00128016 -0.00153203 -0.00127884 0.999999 0.00075496 0.00153296 -0.000753039 0.999998 0.596515 0.220837 -0.544802
FixedParameters: 0 0 0

#Transform 103
Transform: AffineTransform_float_3_3
Parameters: 0.999998 0.00122776 -0.00158164 -0.00122624 0.999998 0.00111294 0.00158336 -0.00111106 0.999998 0.588241 0.140008 -0.661918
FixedParameters: 0 0 0

#Transform 104
Transform: AffineTransform_float_3_3
Parameters: 0.999998 0.00133593 -0.00156836 -0.00133407 0.999999 0.0012331 0.00156964 -0.00123091 0.999998 0.617739 0.140993 -0.704887
FixedParameters: 0 0 0

#Transform 105
Transform: AffineTransform_float_3_3
Parameters: 0.999997 0.00141141 -0.00164279 -0.00140958 0.999998 0.000862318 0.00164421 -0.000859681 0.999999 0.656673 0.246252 -0.58891
FixedParameters: 0 0 0

#Transform 106
Transform: AffineTransform_float_3_3
Parameters: 0.999997 0.00126233 -0.00176734 -0.00126067 0.999999 0.00131823 0.00176866 -0.00131577 0.999997 0.639434 0.0751976 -0.739764
FixedParameters: 0 0 0

#Transform 107
Transform: AffineTransform_float_3_3
Parameters: 0.999997 0.00136046 -0.0016528 -0.00135953 0.999998 0.000887249 0.0016542 -0.000884751 0.999998 0.642209 0.243786 -0.574594
FixedParameters: 0 0 0

#Transform 108
Transform: AffineTransform_float_3_3
Parameters: 0.999997 0.00144732 -0.00164596 -0.00144568 0.999998 0.00141138 0.00164804 -0.00140862 0.999997 0.664802 0.114808 -0.734424
FixedParameters: 0 0 0

#Transform 109
Transform: AffineTransform_float_3_3
Parameters: 0.999997 0.00137485 -0.00164846 -0.00137315 0.999999 0.00112427 0.00164954 -0.00112174 0.999998 0.642675 0.195695 -0.653834
FixedParameters: 0 0 0

#Transform 110
Transform: AffineTransform_float_3_3
Parameters: 0.999997 0.00132951 -0.00165799 -0.00132649 0.999998 0.0015162 0.00166001 -0.0015138 0.999998 0.629645 0.0990691 -0.762197
FixedParameters: 0 0 0

#Transform 111
Transform: AffineTransform_float_3_3
Parameters: 0.999997 0.00145104 -0.00162217 -0.00144895 0.999998 0.00126135 0.00162383 -0.00125865 0.999998 0.650047 0.16955 -0.692035
FixedParameters: 0 0 0

#Transform 112
Transform: AffineTransform_float_3_3
Parameters: 0.999998 0.00144989 -0.00170039 -0.00144811 0.999999 0.00111347 0.00170161 -0.00111054 0.999998 0.678368 0.212072 -0.647043
FixedParameters: 0 0 0

#Transform 113
Transform: AffineTransform_float_3_3
Parameters: 0.999997 0.00150059 -0.00195025 -0.00149641 0.999997 0.00183893 0.00195375 -0.00183607 0.999997 0.733504 0.0355036 -0.938596
FixedParameters: 0 0 0

#Transform 114
Transform: AffineTransform_float_3_3
Parameters: 0.999998 0.00152856 -0.00177466 -0.00152745 0.999999 0.000876714 0.00177634 -0.000874288 0.999998 0.710649 0.291929 -0.596325
FixedParameters: 0 0 0

#Transform 115
Transform: AffineTransform_float_3_3
Parameters: 0.999997 0.00169417 -0.00179902 -0.00169083 0.999997 0.00176205 0.00180198 -0.00175895 0.999997 0.769045 0.103511 -0.86141
FixedParameters: 0 0 0

#Transform 116
Transform: AffineTransform_float_3_3
Parameters: 0.999997 0.00152 -0.00187958 -0.001517 0.999997 0.00159486 0.00188142 -0.00159214 0.999997 0.710497 0.1414 -0.858181
FixedParameters: 0 0 0

#Transform 117
Transform: AffineTransform_float_3_3
Parameters: 0.999998 0.00153971 -0.00174762 -0.00153629 0.999997 0.00154969 0.00175038 -0.00154731 0.999998 0.703844 0.155703 -0.787718
FixedParameters: 0 0 0

#Transform 118
Transform: AffineTransform_float_3_3
Parameters: 0.999997 0.00174865 -0.0020811 -0.00174335 0.999996 0.00223464 0.0020849 -0.00223136 0.999996 0.821878 0.0359378 -1.0949
FixedParameters: 0 0 0

#Transform 119
Transform: AffineTransform_float_3_3
Parameters: 0.999996 0.00180723 -0.00213527 -0.00180377 0.999997 0.00151286 0.00213773 -0.00150914 0.999996 0.838205 0.244477 -0.874471
FixedParameters: 0 0 0

#Transform 120
Transform: AffineTransform_float_3_3
Parameters: 0.999997 0.00163667 -0.00209336 -0.00163233 0.999996 0.00222843 0.00209764 -0.00222558 0.999996 0.785795 0.0180762 -1.07671
FixedParameters: 0 0 0

#Transform 121
Transform: AffineTransform_float_3_3
Parameters: 0.999996 0.00158758 -0.00243102 -0.00158342 0.999997 0.00188386 0.00243398 -0.00188014 0.999996 0.830553 0.104031 -1.04996
FixedParameters: 0 0 0

#Transform 122
Transform: AffineTransform_float_3_3
Parameters: 0.999996 0.00168219 -0.00220982 -0.00167781 0.999997 0.00189471 0.00221318 -0.00189128 0.999996 0.826076 0.120628 -0.986991
FixedParameters: 0 0 0

#Transform 123
Transform: AffineTransform_float_3_3
Parameters: 0.999996 0.00172239 -0.00230297 -0.00171661 0.999996 0.00234196 0.00230702 -0.00233803 0.999994 0.867689 0.034122 -1.16331
FixedParameters: 0 0 0

#Transform 124
Transform: AffineTransform_float_3_3
Parameters: 0.999996 0.00171485 -0.00215895 -0.00171115 0.999997 0.0017817 0.00216205 -0.0017783 0.999996 0.824843 0.168689 -0.958555
FixedParameters: 0 0 0

#Transform 125
Transform: AffineTransform_float_3_3
Parameters: 0.999995 0.00174119 -0.00257282 -0.00173581 0.999995 0.00240648 0.00257718 -0.00240152 0.999994 0.920172 0.00733175 -1.25412
FixedParameters: 0 0 0

#Transform 126
Transform: AffineTransform_float_3_3
Parameters: 0.999995 0.0017216 -0.0025973 -0.0017164 0.999996 0.00215747 0.00260071 -0.00215253 0.999995 0.918115 0.0992779 -1.18028
FixedParameters: 0 0 0

#Transform 127
Transform: AffineTransform_float_3_3
Parameters: 0.999994 0.00183449 -0.00268057 -0.00182851 0.999996 0.00242191 0.00268443 -0.00241709 0.999993 0.972905 0.00362049 -1.27569
FixedParameters: 0 0 0

#Transform 128
Transform: AffineTransform_float_3_3
Parameters: 0.999995 0.00181324 -0.00279596 -0.00180676 0.999996 0.00223306 0.00280004 -0.00222793 0.999993 0.982562 0.102112 -1.23493
FixedParameters: 0 0 0

#Transform 129
Transform: AffineTransform_float_3_3
Parameters: 0.999994 0.00177553 -0.00271775 -0.00176947 0.999995 0.00240182 0.00272225 -0.00239718 0.999994 0.972644 0.0164125 -1.27161
FixedParameters: 0 0 0

#Transform 130
Transform: AffineTransform_float_3_3
Parameters: 0.999994 0.00175209 -0.00298585 -0.00174491 0.999995 0.00237622 0.00299015 -0.00237177 0.999992 1.00848 0.0659969 -1.32
FixedParameters: 0 0 0

#Transform 131
Transform: AffineTransform_float_3_3
Parameters: 0.999995 0.00184926 -0.00276816 -0.00184174 0.999995 0.00262311 0.00277284 -0.00261789 0.999992 1.00306 0.0112135 -1.3555
FixedParameters: 0 0 0

#Transform 132
Transform: AffineTransform_float_3_3
Parameters: 0.999995 0.0017686 -0.00260421 -0.0017634 0.999996 0.0021516 0.0026078 -0.0021474 0.999995 0.942846 0.133507 -1.175
FixedParameters: 0 0 0

#Transform 133
Transform: AffineTransform_float_3_3
Parameters: 0.999995 0.00175697 -0.0025993 -0.00175002 0.999995 0.00268256 0.0026047 -0.00267844 0.999993 0.928397 -0.061386 -1.32362
FixedParameters: 0 0 0

#Transform 134
Transform: AffineTransform_float_3_3
Parameters: 0.999994 0.00186107 -0.00291914 -0.00185493 0.999996 0.00208043 0.00292386 -0.00207457 0.999994 1.02454 0.151235 -1.21
FixedParameters: 0 0 0

#Transform 135
Transform: AffineTransform_float_3_3
Parameters: 0.999993 0.00182063 -0.00305087 -0.00181237 0.999995 0.00282755 0.00305613 -0.00282246 0.999992 1.05486 -0.0602741 -1.42566
FixedParameters: 0 0 0

#Transform 136
Transform: AffineTransform_float_3_3
Parameters: 0.999994 0.00171243 -0.00284914 -0.00170657 0.999996 0.00225788 0.00285286 -0.00225313 0.999994 0.979176 0.0742953 -1.26016
FixedParameters: 0 0 0

#Transform 137
Transform: AffineTransform_float_3_3
Parameters: 0.999994 0.00171468 -0.00304713 -0.00170632 0.999994 0.00284822 0.00305187 -0.00284278 0.999992 1.01175 -0.0837479 -1.44748
FixedParameters: 0 0 0

#Transform 138
Transform: AffineTransform_float_3_3
Parameters: 0.999993 0.00198208 -0.00311651 -0.00197492 0.999996 0.00227317 0.00312149 -0.00226683 0.999993 1.12045 0.158688 -1.31477
FixedParameters: 0 0 0

#Transform 139
Transform: AffineTransform_float_3_3
Parameters: 0.999993 0.00184143 -0.00327015 -0.00183057 0.999993 0.00318901 0.00327585 -0.00318299 0.999989 1.10929 -0.113611 -1.60722
FixedParameters: 0 0 0

#Transform 140
Transform: AffineTransform_float_3_3
Parameters: 0.999995 0.00171311 -0.00287277 -0.00170589 0.999995 0.00247491 0.00287723 -0.00247008 0.999993 0.979657 0.0638709 -1.32099
FixedParameters: 0 0 0

#Transform 141
Transform: AffineTransform_float_3_3
Parameters: 0.999993 0.0018072 -0.00342411 -0.0017958 0.999993 0.00327117 0.00342989 -0.00326483 0.999989 1.11465 -0.142402 -1.67053
FixedParameters: 0 0 0

#Transform 142
Transform: AffineTransform_float_3_3
Parameters: 0.999994 0.00171482 -0.0030761 -0.00170618 0.999995 0.00286727 0.0030809 -0.00286174 0.999991 1.01709 -0.0147547 -1.51767
FixedParameters: 0 0 0

#Transform 143
Transform: AffineTransform_float_3_3
Parameters: 0.999993 0.00171757 -0.00339116 -0.00170643 0.999992 0.00341281 0.00339684 -0.00340619 0.999989 1.08228 -0.180669 -1.71945
FixedParameters: 0 0 0

#Transform 144
Transform: AffineTransform_float_3_3
Parameters: 0.999994 0.00189961 -0.00311838 -0.00189239 0.999995 0.00243992 0.00312362 -0.00243408 0.999992 1.08864 0.106521 -1.36135
FixedParameters: 0 0 0

#Transform 145
Transform: AffineTransform_float_3_3
Parameters: 0.999992 0.00171828 -0.00348897 -0.00170571 0.999993 0.00352098 0.00349502 -0.00351502 0.999987 1.1015 -0.191476 -1.75482
FixedParameters: 0 0 0

#Transform 146
Transform: AffineTransform_float_3_3
Parameters: 0.999993 0.00190567 -0.00335609 -0.00189733 0.999995 0.00258439 0.00336091 -0.00257861 0.999991 1.13495 0.082232 -1.4533
FixedParameters: 0 0 0

#Transform 147
Transform: AffineTransform_float_3_3
Parameters: 0.999993 0.00201616 -0.00316154 -0.00200584 0.999993 0.00321336 0.00316845 -0.00320663 0.99999 1.13408 -0.0587599 -1.59928
FixedParameters: 0 0 0

#Transform 148
Transform: AffineTransform_float_3_3
Parameters: 0.999994 0.00171542 -0.00323402 -0.00170658 0.999995 0.00291154 0.00323998 -0.00290646 0.99999 1.04681 -0.0292618 -1.55226
FixedParameters: 0 0 0

#Transform 149
Transform: AffineTransform_float_3_3
Parameters: 0.999993 0.00171681 -0.00316616 -0.00170618 0.999992 0.00341442 0.00317284 -0.00340857 0.999989 1.03179 -0.136965 -1.66207
FixedParameters: 0 0 0

#Transform 150
Transform: AffineTransform_float_3_3
Parameters: 0.999993 0.00171509 -0.00315507 -0.00170591 0.999995 0.0028824 0.00315992 -0.0028766 0.999991 1.02943 -0.0472209 -1.49696
FixedParameters: 0 0 0

#Transform 151
Transform: AffineTransform_float_3_3
Parameters: 0.999993 0.00171415 -0.00312254 -0.00170585 0.999995 0.00261034 0.00312646 -0.00260566 0.999991 1.01991 0.0299333 -1.39697
FixedParameters: 0 0 0

#Transform 152
Transform: AffineTransform_float_3_3
Parameters: 0.999993 0.00171816 -0.00350607 -0.00170584 0.999992 0.00346701 0.00351193 -0.00346099 0.999988 1.0929 -0.201534 -1.76103
FixedParameters: 0 0 0

#Transform 153
Transform: AffineTransform_float_3_3
Parameters: 0.999994 0.00171441 -0.00315344 -0.00170659 0.999995 0.0026684 0.00315856 -0.0026626 0.999992 1.0274 0.0152131 -1.43664
FixedParameters: 0 0 0

#Transform 154
Transform: AffineTransform_float_3_3
Parameters: 0.999994 0.00171465 -0.0030802 -0.00170635 0.999994 0.00280827 0.0030848 -0.00280273 0.999992 1.01917 -0.00839889 -1.4395
FixedParameters: 0 0 0

#Transform 155
Transform: AffineTransform_float_3_3
Parameters: 0.999993 0.00171768 -0.00331097 -0.00170632 0.999993 0.00352668 0.00331704 -0.00352133 0.999989 1.06016 -0.189058 -1.7225
FixedParameters: 0 0 0

#Transform 156
Transform: AffineTransform_float_3_3
Parameters: 0.999994 0.00171428 -0.00322562 -0.00170572 0.999995 0.00256752 0.00322939 -0.00256148 0.999992 1.0409 0.0453427 -1.4029
FixedParameters: 0 0 0

#Transform 157
Transform: AffineTransform_float_3_3
Parameters: 0.999993 0.0017746 -0.00329331 -0.0017644 0.999994 0.00321884 0.00329869 -0.00321317 0.99999 1.07743 -0.11791 -1.60973
FixedParameters: 0 0 0

#Transform 158
Transform: AffineTransform_float_3_3
Parameters: 0.999994 0.00171285 -0.00324239 -0.00170615 0.999997 0.00211455 0.00324561 -0.00210945 0.999992 1.03894 0.146729 -1.2552
FixedParameters: 0 0 0

#Transform 159
Transform: AffineTransform_float_3_3
Parameters: 0.999993 0.00177579 -0.00332025 -0.00176521 0.999993 0.00324889 0.00332575 -0.00324312 0.999989 1.07458 -0.125307 -1.61589
FixedParameters: 0 0 0

#Transform 160
Transform: AffineTransform_float_3_3
Parameters: 0.999992 0.00171573 -0.00342514 -0.00170627 0.999994 0.00284086 0.00342986 -0.00283513 0.99999 1.07378 -0.035152 -1.5075
FixedParameters: 0 0 0

#Transform 161
Transform: AffineTransform_float_3_3
Parameters: 0.999992 0.00204135 -0.00322409 -0.00203165 0.999993 0.00290157 0.0032299 -0.00289543 0.99999 1.14753 0.0321953 -1.48752
FixedParameters: 0 0 0

#Transform 162
Transform: AffineTransform_float_3_3
Parameters: 0.999992 0.00171815 -0.00362627 -0.00170585 0.999993 0.00335121 0.00363273 -0.00334578 0.999988 1.13043 -0.153186 -1.70789
FixedParameters: 0 0 0

#Transform 163
Transform: AffineTransform_float_3_3
Parameters: 0.999992 0.00171562 -0.00368153 -0.00170637 0.999995 0.0026163 0.00368647 -0.0026097 0.99999 1.11641 0.0520358 -1.4863
FixedParameters: 0 0 0

#Transform 164
Transform: AffineTransform_float_3_3
Parameters: 0.999994 0.00171629 -0.00322955 -0.00170571 0.999994 0.00318553 0.00323544 -0.00317947 0.999989 1.04042 -0.140144 -1.57834
FixedParameters: 0 0 0

#Transform 165
Transform: AffineTransform_float_3_3
Parameters: 0.999993 0.00180266 -0.00343847 -0.00179434 0.999995 0.00252019 0.00344253 -0.00251481 0.999991 1.1029 0.0667273 -1.40899
FixedParameters: 0 0 0

#Transform 166
Transform: AffineTransform_float_3_3
Parameters: 0.999992 0.00178472 -0.00341542 -0.00177427 0.999993 0.00314108 0.00342058 -0.00313492 0.999989 1.10651 -0.0866704 -1.57186
FixedParameters: 0 0 0

#Transform 167
Transform: AffineTransform_float_3_3
Parameters: 0.999992 0.0018787 -0.00356538 -0.0018683 0.999993 0.00300269 0.00357062 -0.00299632 0.999989 1.16373 -0.0366114 -1.57529
FixedParameters: 0 0 0

#Transform 168
Transform: AffineTransform_float_3_3
Parameters: 0.999992 0.00187357 -0.00358297 -0.00186143 0.999993 0.0032297 0.00358902 -0.0032223 0.999989 1.16732 -0.0860535 -1.64856
FixedParameters: 0 0 0

#Transform 169
Transform: AffineTransform_float_3_3
Parameters: 0.999992 0.00191421 -0.00351346 -0.00190379 0.999994 0.00290671 0.00351854 -0.00289929 0.999989 1.16921 -0.0134624 -1.54507
FixedParameters: 0 0 0

#Transform 170
Transform: AffineTransform_float_3_3
Parameters: 0.999992 0.00189125 -0.00352145 -0.00187875 0.999992 0.00347864 0.00352755 -0.00347236 0.999987 1.16281 -0.114661 -1.7277
FixedParameters: 0 0 0

#Transform 171
Transform: AffineTransform_float_3_3
Parameters: 0.999992 0.00196195 -0.00364813 -0.00195105 0.999993 0.00300314 0.00365387 -0.00299586 0.999989 1.21143 -0.0360216 -1.60186
FixedParameters: 0 0 0

#Transform 172
Transform: AffineTransform_float_3_3
Parameters: 0.999991 0.00215768 -0.0036477 -0.00214732 0.999994 0.00292986 0.0036543 -0.00292114 0.999989 1.25861 0.0663952 -1.57856
FixedParameters: 0 0 0

#Transform 173
Transform: AffineTransform_float_3_3
Parameters: 0.99999 0.00214377 -0.00380483 -0.00213123 0.999992 0.00335714 0.00381217 -0.00334886 0.999987 1.29102 -0.087869 -1.72735
FixedParameters: 0 0 0

#Transform 174
Transform: AffineTransform_float_3_3
Parameters: 0.999989 0.00242096 -0.00385551 -0.00240904 0.999993 0.00310532 0.00386249 -0.00309568 0.999987 1.39059 0.0551433 -1.65738
FixedParameters: 0 0 0

#Transform 175
Transform: AffineTransform_float_3_3
Parameters: 0.99999 0.00221061 -0.00393082 -0.00219639 0.99999 0.00371767 0.00393918 -0.00370833 0.999986 1.34736 -0.153319 -1.83255
FixedParameters: 0 0 0

#Transform 176
Transform: AffineTransform_float_3_3
Parameters: 0.999991 0.00212582 -0.00351588 -0.00211418 0.999992 0.00336246 0.00352312 -0.00335454 0.999988 1.22985 -0.0283164 -1.67493
FixedParameters: 0 0 0

#Transform 177
Transform: AffineTransform_float_3_3
Parameters: 0.999991 0.00219949 -0.00380065 -0.00218451 0.999991 0.00381234 0.00380835 -0.00380466 0.999986 1.28928 -0.152556 -1.87308
FixedParameters: 0 0 0

#Transform 178
Transform: AffineTransform_float_3_3
Parameters: 0.999991 0.00205828 -0.0037338 -0.00204673 0.999994 0.00302167 0.00373919 -0.00301433 0.999988 1.23089 0.0413385 -1.60529
FixedParameters: 0 0 0

#Transform 179
Transform: AffineTransform_float_3_3
Parameters: 0.99999 0.0021501 -0.0037289 -0.0021359 0.99999 0.003781 0.00373709 -0.003773 0.999986 1.26154 -0.169974 -1.83014
FixedParameters: 0 0 0

#Transform 180
Transform: AffineTransform_float_3_3
Parameters: 0.999991 0.00196401 -0.00371267 -0.00195199 0.999993 0.00323727 0.00371833 -0.00322972 0.999988 1.20003 -0.065046 -1.6754
FixedParameters: 0 0 0

#Transform 181
Transform: AffineTransform_float_3_3
Parameters: 0.99999 0.00215873 -0.003912 -0.00214627 0.999993 0.00325443 0.003919 -0.00324557 0.999987 1.30017 -0.00819215 -1.72616
FixedParameters: 0 0 0

#Transform 182
Transform: AffineTransform_float_3_3
Parameters: 0.999989 0.0023159 -0.00405753 -0.0023011 0.99999 0.00367338 0.00406547 -0.00366362 0.999985 1.38597 -0.114676 -1.88165
FixedParameters: 0 0 0

#Transform 183
Transform: AffineTransform_float_3_3
Parameters: 0.99999 0.00235436 -0.00386189 -0.00234064 0.999992 0.00346008 0.00387011 -0.00345093 0.999987 1.35415 -0.00312188 -1.7837
FixedParameters: 0 0 0

#Transform 184
Transform: AffineTransform_float_3_3
Parameters: 0.999989 0.00214002 -0.00404504 -0.00212298 0.999989 0.00420663 0.00405396 -0.00419837 0.999983 1.31815 -0.234941 -2.0385
FixedParameters: 0 0 0

#Transform 185
Transform: AffineTransform_float_3_3
Parameters: 0.999991 0.00243599 -0.00362765 -0.00242501 0.999993 0.00303083 0.00363536 -0.00302217 0.999989 1.33523 0.0979539 -1.61219
FixedParameters: 0 0 0

#Transform 186
Transform: AffineTransform_float_3_3
Parameters: 0.99999 0.00221046 -0.0038937 -0.00219353 0.999988 0.00422758 0.0039033 -0.00421941 0.999983 1.31542 -0.20672 -2.0232
FixedParameters: 0 0 0

#Transform 187
Transform: AffineTransform_float_3_3
Parameters: 0.999989 0.00243669 -0.00390472 -0.0024243 0.999992 0.0029965 0.00391227 -0.0029865 0.999988 1.38221 0.114833 -1.65312
FixedParameters: 0 0 0

#Transform 188
Transform: AffineTransform_float_3_3
Parameters: 0.999988 0.00244357 -0.00435063 -0.00242443 0.999988 0.0042686 0.00436138 -0.0042584 0.999982 1.48995 -0.20288 -2.11086
FixedParameters: 0 0 0

#Transform 189
Transform: AffineTransform_float_3_3
Parameters: 0.999989 0.0025968 -0.00406886 -0.00258319 0.999991 0.00314955 0.00407714 -0.00313845 0.999987 1.48424 0.0980728 -1.76223
FixedParameters: 0 0 0

#Transform 190
Transform: AffineTransform_float_3_3
Parameters: 0.999988 0.00227133 -0.00417308 -0.00225268 0.999988 0.00439045 0.00418292 -0.00438155 0.999981 1.39314 -0.22725 -2.11476
FixedParameters: 0 0 0

#Transform 191
Transform: AffineTransform_float_3_3
Parameters: 0.99999 0.00243748 -0.00394131 -0.00242452 0.999992 0.00316759 0.00394969 -0.00315841 0.999987 1.40324 0.0553612 -1.69857
FixedParameters: 0 0 0

#Transform 192
Transform: AffineTransform_float_3_3
Parameters: 0.99999 0.00229629 -0.00401129 -0.00228071 0.99999 0.00381219 0.00401971 -0.00380281 0.999984 1.35544 -0.11677 -1.92756
FixedParameters: 0 0 0

